100 205
70 78
17 31
19 84
73 75
56 61
12 75
60 94
91 93
36 95
46 89
58 77
72 87
61 100
56 72
76 97
77 89
18 79
37 51
5 12
18 51
39 64
84 92
63 73
32 93
29 64
63 72
42 91
73 82
79 88
90 91
23 99
33 81
10 23
34 90
1 37
8 99
82 87
36 90
68 90
26 98
27 31
14 40
70 71
8 74
17 75
3 83
43 50
85 87
82 96
91 100
33 53
75 82
40 44
20 22
37 82
63 100
31 90
93 100
80 88
95 97
62 82
32 65
30 89
16 41
65 95
24 88
3 41
96 99
52 88
89 98
25 63
7 75
22 46
9 10
89 97
82 83
64 74
78 92
10 42
47 87
3 66
85 97
15 40
87 99
61 84
89 92
41 93
59 97
64 93
37 45
49 54
47 98
78 87
13 87
33 78
43 86
12 44
39 87
46 65
71 75
79 92
1 32
99 100
29 69
4 69
38 98
97 100
92 96
6 85
65 74
31 54
20 91
59 60
58 61
51 98
39 43
74 93
51 61
81 83
44 86
40 80
27 41
83 90
2 88
10 59
53 98
65 72
29 95
62 86
24 34
71 88
26 77
48 57
97 98
21 56
6 36
66 70
24 47
97 99
88 91
16 74
20 76
55 68
84 87
54 65
60 63
13 72
4 99
25 82
67 96
22 81
96 98
69 83
92 100
35 76
42 66
12 89
41 48
49 80
68 69
80 96
93 98
42 86
80 81
13 25
87 89
90 100
62 85
23 72
93 99
30 45
86 87
98 99
59 86
96 100
15 86
69 76
86 100
57 84
21 80
85 95
72 88
49 65
46 81
11 81
7 83
52 76
52 82
45 81
95 99
5 40
2 91
15 68
86 89
50 80
38 59
7 80
58 84
22 28
73 89
41 88
28 91
44 59
67 78
94 97
