100 188
47 54
66 90
81 98
65 82
9 38
48 52
11 20
95 99
84 89
26 32
53 93
72 94
44 57
31 37
51 87
83 97
60 90
31 42
43 72
38 40
55 72
30 35
90 99
49 59
34 36
70 93
28 36
68 88
75 91
59 69
16 38
6 42
12 18
73 84
88 93
49 72
5 19
10 23
18 27
26 30
74 81
80 97
47 52
14 25
93 97
14 29
82 93
6 34
8 26
96 100
55 81
63 98
70 80
38 39
41 100
94 99
94 98
84 98
58 97
81 99
50 82
32 34
1 28
10 35
21 40
54 89
91 95
39 41
92 98
30 31
85 95
34 41
40 64
71 77
86 94
4 11
22 26
92 100
42 89
3 25
52 59
56 94
29 31
87 93
88 99
79 90
6 17
30 36
4 26
62 75
69 98
17 29
73 82
62 66
82 94
44 75
17 24
84 94
24 27
70 87
33 42
33 41
38 41
77 81
45 83
11 19
24 29
71 86
25 29
35 36
35 37
69 76
8 31
67 94
87 91
63 80
28 31
4 34
27 37
76 84
40 82
46 62
64 88
76 88
36 39
73 78
59 100
56 77
42 60
49 100
87 94
16 17
78 86
24 36
89 99
57 66
1 33
46 92
80 88
62 93
61 91
79 85
72 99
31 38
3 20
35 41
37 41
37 42
85 94
90 94
3 35
39 42
72 81
86 100
13 26
91 97
5 42
27 30
94 100
42 48
15 42
44 85
25 39
28 29
11 30
37 39
76 85
74 90
92 96
57 84
54 62
67 91
39 40
19 38
82 95
60 67
20 39
17 32
12 20
93 99
2 10
8 13
27 40
23 30
7 28
9 10
75 80
57 71
