150 369
33 36
56 81
69 96
47 104
89 105
57 68
37 54
117 132
102 107
112 125
105 139
6 9
57 78
11 18
129 145
10 52
91 104
139 143
77 88
59 101
26 69
120 134
48 52
111 129
79 97
24 27
69 82
96 101
105 133
80 88
110 139
73 99
13 54
91 100
43 70
39 91
127 135
34 92
71 99
40 78
5 97
64 70
112 133
58 76
51 98
70 82
106 141
75 92
135 149
94 102
107 127
97 103
101 106
124 144
140 146
43 105
98 101
117 129
84 106
54 97
44 68
116 146
103 104
14 91
115 135
49 64
54 85
102 106
46 52
77 93
28 60
31 52
95 97
77 92
109 143
7 69
24 100
87 95
35 79
63 94
121 140
19 66
66 107
40 82
118 133
4 33
117 143
107 115
47 89
116 128
105 147
133 143
9 93
5 48
83 95
45 101
96 107
131 150
123 146
8 37
122 142
112 142
89 99
53 76
51 59
50 87
73 97
75 95
118 141
63 77
18 102
110 148
59 105
102 103
88 95
119 134
40 94
12 43
71 95
24 45
97 104
15 79
36 37
45 90
82 99
86 89
103 105
78 91
74 78
140 148
132 143
34 35
40 86
22 51
26 30
137 150
3 79
137 143
72 106
108 114
140 145
122 128
125 134
47 83
113 121
106 116
125 141
19 41
99 100
32 66
8 75
142 149
67 103
78 100
30 43
99 104
133 141
33 92
112 149
115 130
91 101
43 79
12 38
145 149
144 148
106 121
142 146
68 98
87 97
36 45
82 93
92 96
16 78
143 149
87 92
42 91
15 24
2 65
65 105
32 64
126 148
78 82
86 98
96 102
33 102
95 101
46 65
132 144
70 78
72 74
139 145
113 119
31 87
9 42
56 95
30 73
41 53
86 100
134 146
29 72
144 150
14 47
64 85
54 81
138 145
100 107
46 100
66 88
110 137
19 72
119 126
114 121
90 101
145 150
98 100
1 91
143 147
74 88
38 74
115 145
96 104
54 91
117 145
110 119
94 105
97 107
76 90
60 89
119 123
39 62
62 95
103 107
106 144
39 44
129 150
4 24
131 142
88 105
127 145
83 88
75 76
132 142
94 101
3 105
138 143
41 65
133 144
13 48
53 101
14 101
108 123
42 44
52 107
87 94
101 104
92 98
42 87
58 75
85 101
73 86
27 71
34 74
25 44
55 65
67 87
81 83
5 13
70 77
71 91
4 10
95 96
19 101
31 67
12 72
82 105
50 64
13 64
104 107
22 101
20 81
60 86
97 106
41 91
75 86
123 144
141 149
33 54
128 145
3 34
144 149
132 145
120 145
138 142
90 97
126 136
12 96
136 140
52 100
109 117
136 141
61 65
39 50
122 133
43 88
50 83
17 81
67 93
116 150
22 82
2 29
141 145
115 120
63 93
23 53
138 146
92 101
123 150
51 79
76 78
51 69
101 102
31 84
58 59
127 137
34 42
107 119
123 130
16 101
56 83
47 101
18 43
24 39
9 77
5 47
68 106
76 86
67 101
8 84
124 150
70 100
69 97
141 150
74 84
50 105
8 61
130 145
133 150
142 147
77 105
76 82
90 100
127 142
66 95
93 95
21 31
140 149
94 97
114 118
126 130
80 82
15 21
74 105
64 91
135 141
136 143
107 125
1 15
6 70
108 113
