150 436
82 86
8 63
144 150
84 112
132 137
50 89
109 120
12 71
93 116
59 82
126 144
70 122
132 138
124 145
77 107
107 109
80 94
56 79
24 63
8 103
123 144
60 111
46 54
86 89
141 145
40 96
6 94
62 122
121 124
11 78
31 34
36 115
92 102
103 122
51 65
1 19
25 71
98 100
52 96
123 136
83 102
24 32
137 150
113 120
76 85
14 110
21 123
91 94
34 55
81 98
76 104
62 114
35 114
33 49
124 131
90 96
108 115
19 26
59 108
134 141
68 95
111 124
44 73
93 95
40 71
77 113
127 146
37 109
103 104
45 98
13 28
134 143
59 109
106 121
76 118
104 124
3 15
69 96
120 122
44 57
82 84
85 94
39 93
44 55
135 141
131 145
142 148
15 91
27 48
131 137
101 103
130 150
92 109
138 145
5 34
109 113
38 64
137 144
49 65
137 146
77 84
22 97
24 76
116 119
46 111
49 62
53 70
88 103
141 150
52 120
86 101
119 120
100 107
69 123
78 118
36 72
82 88
124 150
66 74
138 143
17 39
2 106
123 138
71 107
103 115
100 110
135 149
109 117
95 109
22 26
81 104
97 103
124 129
140 147
72 100
97 120
95 119
106 117
98 112
36 52
83 91
64 84
139 149
26 111
133 146
88 96
91 113
100 116
115 120
79 95
107 113
34 103
26 52
73 120
84 102
86 104
66 117
77 82
129 135
40 120
47 52
34 93
110 115
23 24
91 122
15 98
10 104
24 46
126 136
29 30
15 99
6 18
113 123
84 105
90 106
27 71
136 143
51 60
134 149
134 139
2 10
43 73
108 112
118 120
43 94
12 104
123 145
133 138
5 87
67 80
29 80
88 111
79 116
18 20
78 109
89 104
67 71
92 105
80 90
13 50
65 67
122 137
59 107
115 118
41 89
48 95
22 107
119 121
3 66
125 131
134 140
36 95
58 99
129 144
69 122
37 44
142 149
75 112
22 113
45 89
51 77
90 119
35 106
63 110
122 149
70 81
35 98
15 95
118 124
12 119
54 105
140 150
29 100
7 75
31 50
132 146
114 118
30 46
2 79
77 114
143 149
76 97
88 92
28 36
64 124
64 102
15 119
99 121
136 142
140 146
78 116
53 112
65 121
115 124
88 93
63 75
95 120
89 114
81 101
64 117
70 83
48 92
129 133
18 100
93 123
130 138
75 104
103 119
54 95
40 113
51 114
115 122
21 117
43 78
6 8
47 124
102 124
26 30
118 122
98 119
128 146
138 146
17 55
32 94
68 120
48 81
113 115
138 144
1 13
96 118
65 107
33 34
83 108
41 47
38 61
117 118
54 118
20 50
75 92
118 121
114 122
136 150
100 113
81 100
66 89
4 90
12 109
75 95
136 140
94 103
114 115
82 103
119 122
112 121
8 90
38 51
39 87
84 93
52 71
97 106
71 106
67 100
64 70
107 112
4 92
116 124
114 116
74 117
120 121
60 85
133 144
61 99
124 141
107 111
71 103
24 100
97 110
58 98
60 116
51 67
103 105
48 61
42 94
59 99
26 109
133 142
67 77
60 71
33 94
135 144
55 104
58 90
85 95
132 143
116 117
38 86
28 75
4 103
66 98
91 100
117 119
91 121
115 119
138 147
2 25
48 114
110 116
39 73
17 91
125 143
47 69
6 55
106 114
31 44
96 106
29 122
93 111
135 140
28 30
119 124
57 74
110 117
119 123
87 115
122 143
137 147
54 60
140 148
39 121
86 103
116 122
26 106
67 122
16 82
85 112
66 108
73 91
118 123
108 117
121 123
33 59
41 118
65 83
63 73
63 80
90 103
137 149
105 111
125 134
96 111
76 83
23 117
113 119
93 99
97 112
82 108
112 117
52 109
90 108
38 77
72 123
10 95
85 120
8 62
81 94
100 112
99 120
9 113
125 140
54 96
49 50
42 69
8 101
130 135
47 85
122 136
