150 506
56 109
102 114
91 102
122 132
101 114
132 150
109 116
29 32
9 53
61 78
140 150
30 66
22 93
127 139
45 71
116 141
64 107
64 69
19 91
64 109
66 107
78 100
68 94
28 88
115 139
116 136
47 96
98 113
93 114
60 90
108 110
55 108
41 63
101 116
77 94
24 81
131 149
79 86
23 83
60 109
141 146
3 79
132 145
6 27
130 144
25 75
128 142
93 97
17 28
95 100
125 145
35 86
76 87
122 142
87 96
6 82
1 83
25 55
61 103
70 89
95 104
82 86
98 108
53 107
48 81
58 102
97 110
77 109
92 113
137 150
96 113
35 37
121 136
80 114
139 145
101 113
11 110
22 87
1 18
42 52
8 109
38 83
25 76
18 59
3 56
82 109
81 102
16 105
12 114
61 67
123 150
79 111
37 48
30 107
36 108
132 139
15 104
64 80
14 52
57 70
114 118
100 108
133 140
131 150
30 41
10 94
80 94
39 63
126 135
20 77
80 99
96 101
15 66
140 148
91 98
51 61
138 147
131 144
6 11
87 91
63 82
50 105
45 109
58 107
76 96
65 110
134 149
44 103
40 110
44 69
28 63
113 116
4 55
52 93
5 88
53 79
115 133
122 141
85 94
105 117
11 40
78 86
55 86
95 110
125 135
43 78
99 105
134 143
65 117
83 105
66 89
79 85
121 144
126 136
34 35
82 97
12 62
6 108
131 137
134 148
110 113
107 112
59 81
56 102
20 68
24 45
90 110
63 96
10 61
78 79
7 86
87 90
80 92
139 146
16 101
127 135
26 36
134 150
86 89
133 148
25 66
118 139
72 108
136 142
11 13
99 116
97 103
31 47
104 116
36 42
64 111
62 75
64 102
103 113
29 93
99 107
76 111
134 142
44 52
53 70
98 115
85 108
8 80
135 149
18 21
84 94
13 118
43 104
27 46
100 118
56 114
38 60
121 130
94 100
65 90
3 14
12 55
19 87
76 95
20 114
8 19
13 69
132 142
109 112
117 134
115 150
24 91
82 88
140 149
24 70
6 98
83 102
110 115
29 91
120 143
22 117
68 76
59 94
1 7
128 145
79 90
115 135
143 150
123 144
55 74
117 131
73 77
78 96
38 116
112 114
79 91
63 95
125 131
54 94
65 99
4 11
129 142
21 78
31 58
41 112
138 150
19 85
104 112
95 97
141 148
130 138
89 103
132 146
102 112
73 100
80 87
42 81
19 56
56 107
63 97
104 113
96 105
67 70
26 79
39 60
7 55
84 98
61 110
71 100
125 132
141 149
114 117
54 105
8 52
41 92
86 110
37 64
136 141
13 18
124 148
38 70
11 34
81 104
108 113
36 113
129 148
129 141
119 129
26 70
77 83
62 92
91 116
61 83
21 29
62 109
102 115
139 147
142 150
36 94
100 104
45 49
49 62
85 98
76 89
58 95
99 104
18 24
12 36
93 113
81 97
98 110
33 85
87 88
20 103
50 69
97 100
72 89
3 65
59 106
3 35
59 107
107 115
90 93
130 145
74 96
121 128
92 99
17 106
60 62
131 145
97 118
106 117
140 145
139 148
30 74
55 114
70 86
141 147
123 145
129 135
104 106
92 109
53 93
97 113
88 102
85 103
99 118
72 79
50 110
110 118
2 52
86 91
22 85
123 148
78 107
52 84
89 116
136 150
142 148
102 109
21 25
41 67
35 102
29 58
49 79
128 139
63 110
123 129
112 118
91 95
10 88
74 75
50 63
22 63
43 44
11 60
107 111
49 72
86 106
113 117
41 54
127 146
18 65
109 118
61 112
127 141
32 89
75 91
123 135
38 49
15 115
17 99
20 84
96 104
100 109
101 117
16 116
138 146
120 139
108 115
109 114
11 113
107 116
140 146
66 87
23 63
15 28
43 63
129 137
88 94
110 114
84 96
48 61
131 136
140 147
124 134
135 141
70 98
84 97
44 115
25 44
122 127
87 113
129 143
109 113
63 105
17 74
130 149
90 106
141 150
113 114
3 26
113 115
21 102
14 46
46 89
98 107
4 70
92 101
100 117
19 54
15 83
31 37
15 105
80 96
103 110
78 117
105 114
41 59
57 91
72 92
20 80
59 65
6 105
24 58
97 101
76 93
38 87
28 41
14 72
12 85
111 115
93 99
88 111
135 146
65 112
92 108
121 138
50 98
67 77
96 111
93 116
108 111
89 105
69 89
28 84
111 117
111 114
46 106
132 137
72 90
124 140
70 72
49 89
71 82
83 116
24 98
91 107
67 88
44 72
95 106
