200 1124
75 185
11 175
18 104
71 126
190 200
103 149
139 175
82 135
189 193
3 30
139 178
93 112
14 177
6 137
127 180
40 170
153 180
119 156
69 100
69 117
104 190
96 198
105 133
123 173
41 93
170 191
50 84
158 192
50 196
74 120
180 197
170 175
117 142
87 131
47 53
103 108
183 189
23 64
40 180
4 14
89 173
81 114
58 179
133 199
26 116
69 183
125 194
166 182
74 192
5 197
106 171
109 159
54 108
65 88
10 85
36 188
65 115
19 100
192 197
92 122
109 197
128 181
16 169
142 152
94 198
132 159
143 164
127 196
19 53
64 71
7 76
134 166
38 146
60 76
187 196
42 171
7 159
131 199
47 92
160 164
22 52
182 189
35 149
110 156
187 193
42 128
17 84
190 196
170 174
169 179
183 193
82 166
114 116
158 180
181 192
118 176
132 192
130 150
43 113
28 99
135 140
112 185
117 128
52 134
66 84
59 128
62 165
18 101
5 64
191 193
166 174
182 185
78 153
46 66
23 126
67 145
107 196
185 198
23 189
37 171
1 54
88 130
12 62
176 181
177 200
158 189
92 142
155 199
90 101
133 137
75 168
40 74
90 164
84 176
120 156
50 105
158 176
89 103
45 62
41 62
96 131
34 197
32 74
117 170
60 81
11 75
84 183
163 196
61 136
194 198
36 55
179 182
96 119
124 146
61 109
16 134
48 147
23 98
86 197
61 75
145 151
190 195
14 25
171 183
21 56
136 187
59 111
151 179
41 112
119 179
18 21
120 124
65 101
186 198
191 198
82 119
149 194
1 20
92 126
178 200
194 197
104 159
100 161
181 188
14 175
118 169
81 189
147 163
133 176
32 154
156 173
116 187
74 190
92 195
163 177
183 200
1 16
175 186
111 178
130 194
116 157
79 105
111 192
141 191
4 33
128 141
79 154
53 71
56 83
133 146
91 147
15 114
112 183
164 190
187 199
36 52
185 196
7 103
37 107
130 135
18 60
73 183
69 159
6 144
97 171
190 197
82 165
129 174
127 128
159 160
15 41
6 145
61 114
103 104
53 115
103 110
148 156
1 14
163 184
194 196
45 151
53 74
112 162
162 180
152 199
84 144
37 121
133 171
125 145
142 197
82 101
118 171
100 149
11 70
143 158
9 162
47 114
51 112
22 174
131 187
18 112
154 188
169 194
113 194
183 184
175 189
70 153
65 169
138 198
75 172
70 76
191 197
141 173
144 146
181 190
41 148
42 47
34 76
142 145
75 171
181 187
158 179
118 129
179 189
65 91
47 157
32 71
103 185
80 190
36 139
163 174
146 180
44 146
56 60
177 180
50 96
78 130
45 108
191 194
33 84
93 198
43 168
105 172
11 137
4 134
58 156
90 95
111 183
53 153
163 168
103 190
12 57
82 117
83 148
31 139
40 194
188 189
74 142
88 153
61 180
21 160
169 172
31 140
132 167
26 70
88 185
169 185
56 140
117 172
135 149
84 115
122 168
108 113
129 194
131 161
101 195
80 132
179 186
176 188
65 145
128 144
70 149
119 164
163 200
26 136
16 70
138 142
173 174
120 181
17 18
97 136
130 185
66 195
11 120
62 75
169 171
106 143
52 148
140 142
1 52
18 128
42 194
17 55
151 175
111 186
103 126
161 192
73 114
121 133
117 151
1 131
35 76
191 199
182 184
83 118
184 193
55 154
78 134
138 190
89 120
119 172
84 192
45 191
164 185
68 167
169 187
169 195
178 181
66 101
72 164
152 187
122 162
177 187
166 189
190 194
174 181
137 160
21 65
24 191
147 188
54 72
177 188
178 196
173 199
143 162
98 174
156 193
155 180
81 84
64 195
192 199
17 20
181 196
88 199
32 138
77 136
8 189
87 184
32 192
67 102
36 53
63 150
82 180
119 171
105 106
28 154
68 132
170 194
64 140
150 186
159 186
159 161
173 176
57 110
110 170
114 151
33 119
29 91
23 155
33 67
114 162
143 185
72 117
157 192
98 119
66 133
66 122
148 193
150 196
60 188
40 102
125 161
93 120
148 170
125 142
34 117
152 171
42 149
187 195
155 200
88 158
3 69
58 71
17 89
124 143
36 121
59 199
5 167
92 174
75 114
142 156
83 193
158 159
53 155
176 194
162 198
113 177
119 185
50 132
48 134
143 148
60 74
119 196
86 90
193 198
37 106
65 137
186 189
96 108
26 170
16 24
183 187
35 163
52 151
33 86
23 60
143 159
171 185
62 82
35 120
108 177
157 180
38 178
68 85
33 35
94 101
14 143
181 185
114 145
55 123
116 162
4 175
175 191
164 193
152 157
186 197
132 183
149 160
139 150
160 184
164 175
84 181
187 192
5 113
142 151
179 180
85 141
43 155
152 178
98 120
68 101
138 189
25 180
30 74
112 181
78 139
152 162
53 177
119 142
117 137
90 200
179 200
100 147
42 185
8 112
103 151
49 123
175 190
71 76
83 136
122 186
105 175
158 186
119 147
122 154
50 167
26 83
145 175
112 197
38 139
63 93
151 170
163 178
88 143
147 172
135 145
100 135
186 195
54 102
47 76
61 153
78 173
135 165
142 146
36 39
43 94
7 166
76 142
154 195
173 180
80 94
95 185
37 170
73 165
7 137
21 87
151 197
131 179
164 177
144 193
175 181
131 186
113 137
145 167
62 92
7 72
173 198
81 96
138 158
22 144
190 198
21 165
5 100
46 91
134 173
75 150
116 170
174 176
80 194
89 185
148 191
134 184
40 46
147 184
91 153
75 106
91 163
19 29
93 111
184 190
163 172
92 194
128 169
69 109
174 195
93 160
7 22
42 45
90 170
20 75
168 172
92 97
110 161
25 162
41 190
53 54
146 197
176 198
144 194
135 171
123 141
63 191
52 85
62 78
40 75
16 44
152 190
19 116
7 62
189 190
102 187
89 143
164 197
44 65
22 199
78 148
115 121
1 163
162 190
28 33
143 191
66 180
133 139
149 163
79 175
176 182
100 140
187 191
61 71
65 162
142 157
89 192
132 150
9 51
54 116
139 190
43 62
67 192
145 186
191 196
154 162
30 130
158 166
171 180
159 198
19 33
163 187
67 162
65 95
72 126
82 134
9 145
117 184
96 110
170 188
112 194
91 200
130 132
161 176
22 71
177 181
69 116
112 148
97 128
70 89
34 53
71 99
81 89
18 176
125 130
185 190
184 189
62 65
151 162
89 116
148 169
112 149
128 149
183 197
155 186
117 162
192 195
170 199
88 139
22 55
6 112
162 175
164 188
191 195
155 170
31 111
134 161
33 72
167 190
27 109
157 175
66 86
17 183
66 126
68 94
147 175
33 185
153 156
48 102
111 140
53 104
153 178
62 139
137 149
36 161
31 174
81 135
63 161
161 193
151 168
62 155
52 115
186 200
124 150
46 76
1 108
71 138
42 48
35 130
37 163
30 116
185 186
123 179
118 196
137 190
11 190
59 181
17 189
118 156
168 180
174 178
113 199
144 184
114 163
130 187
115 163
20 56
139 197
180 188
2 75
175 183
169 170
184 200
97 173
97 125
99 146
144 171
93 190
184 185
82 109
158 164
156 182
142 144
172 184
46 104
54 135
14 74
18 137
32 112
19 28
9 83
186 194
58 167
89 107
55 150
177 190
177 194
9 196
113 159
190 192
84 161
35 55
190 193
154 177
68 149
32 135
39 70
41 125
159 174
70 151
23 39
12 22
71 73
174 199
103 197
131 137
125 189
71 118
13 120
144 161
90 115
184 192
40 120
143 190
118 138
22 145
171 182
171 181
112 130
181 183
100 192
30 83
81 139
8 170
22 90
169 176
131 166
155 161
66 196
74 196
145 183
35 87
91 113
112 140
190 199
41 59
164 170
180 199
103 174
8 67
102 133
47 190
34 115
72 98
152 200
2 142
157 168
174 182
117 186
108 161
172 189
97 154
78 190
76 97
26 67
118 144
116 123
15 16
170 185
69 88
17 171
1 165
92 177
6 114
148 173
49 99
159 168
186 191
126 137
184 186
151 184
125 163
149 156
180 191
176 187
116 137
151 195
147 154
108 128
64 196
2 93
5 139
182 198
132 161
161 168
83 198
179 196
31 147
72 118
47 148
139 176
11 25
18 166
147 166
80 135
128 190
93 116
57 80
143 187
74 187
89 144
195 198
98 133
155 162
114 194
24 129
170 186
161 190
71 105
142 189
125 160
108 194
116 142
21 44
168 197
27 162
40 60
22 169
164 195
135 191
129 188
4 30
63 73
96 157
125 196
171 196
75 160
122 127
139 159
129 133
51 189
153 155
17 92
175 176
173 181
70 112
46 112
172 178
182 193
159 195
188 192
108 169
59 156
178 199
17 82
193 200
34 57
119 151
38 152
111 172
109 121
109 111
91 164
106 184
175 197
81 86
188 190
179 195
147 167
41 92
61 186
14 194
62 69
47 178
1 3
130 188
118 183
187 194
110 123
92 183
42 49
139 166
42 93
74 168
190 191
114 128
125 192
161 194
176 199
135 174
117 176
174 190
72 135
102 182
82 161
105 138
80 185
63 105
75 167
143 147
16 101
85 176
160 187
93 149
145 150
19 86
61 191
152 163
151 169
140 179
2 136
170 198
16 183
153 190
133 190
92 150
61 163
168 174
156 174
19 155
138 149
43 134
95 170
162 181
128 129
97 137
148 188
71 100
5 123
11 167
31 88
24 88
70 173
165 189
152 184
53 101
141 185
35 66
68 92
31 89
93 155
63 181
110 162
73 191
95 147
180 182
182 192
2 164
30 98
23 120
111 175
142 186
78 184
106 177
72 96
166 167
9 135
21 178
98 127
123 145
46 161
175 180
111 142
139 158
80 192
164 174
133 167
9 21
174 177
153 164
5 80
158 191
171 198
35 129
174 191
102 105
171 174
4 56
72 158
75 148
183 191
147 187
98 151
96 159
148 150
162 163
182 197
41 161
23 95
97 160
59 76
162 169
141 170
128 180
28 130
4 141
116 160
81 99
50 144
181 197
184 197
141 152
43 79
78 92
177 189
113 133
161 173
91 168
64 181
