200 400
147 163
187 197
175 194
167 169
6 16
13 40
171 183
33 72
104 179
100 182
24 74
144 167
13 69
180 193
22 95
30 53
64 78
163 196
119 195
158 197
5 30
158 189
153 173
77 93
180 194
138 167
99 121
70 82
117 172
147 186
6 70
42 83
124 184
89 95
174 200
37 91
181 184
73 78
153 182
1 19
106 134
183 185
167 192
173 187
145 164
40 45
8 29
39 81
110 120
27 80
16 95
40 69
163 176
83 89
189 194
25 63
172 199
81 86
31 40
146 198
86 87
133 197
20 54
94 95
61 65
37 52
81 85
4 71
104 140
50 55
192 200
102 109
66 72
48 88
97 172
190 200
188 196
62 91
149 199
11 71
68 87
176 198
132 193
68 85
177 198
61 75
185 191
24 36
77 92
115 178
60 70
4 31
41 49
91 92
56 58
64 71
57 64
126 128
186 198
137 161
145 175
173 192
133 199
70 85
131 179
162 193
119 165
172 181
137 196
83 93
41 65
174 198
197 200
67 92
53 65
198 200
101 156
195 198
12 50
131 198
194 200
110 132
79 92
132 175
93 94
84 87
45 90
60 63
196 200
128 162
60 94
18 87
84 90
29 60
55 71
14 93
6 81
170 194
65 87
18 70
76 83
169 178
97 161
176 178
160 190
113 126
187 199
151 170
126 178
108 166
70 72
22 84
121 149
53 77
103 126
182 190
139 148
163 167
10 81
72 82
153 193
143 173
56 60
17 65
47 73
95 109
69 70
71 75
59 74
150 185
9 22
8 52
129 144
143 172
156 190
34 35
109 157
135 143
59 63
178 189
43 59
118 149
21 89
123 182
78 89
125 193
109 147
176 182
46 74
20 44
90 93
45 75
64 79
95 105
69 78
164 169
71 74
145 148
89 92
1 31
93 95
88 89
19 37
121 151
191 198
96 136
67 76
44 63
138 173
155 161
178 192
26 41
34 94
111 130
36 43
25 88
112 172
152 195
35 65
17 23
68 82
100 153
168 171
150 152
74 85
55 57
97 110
81 82
148 160
178 182
87 88
113 161
50 60
119 150
21 46
44 58
191 199
117 159
177 199
59 78
166 199
158 190
157 186
120 126
107 114
115 193
108 167
83 87
130 194
23 77
161 165
96 193
186 196
192 195
22 81
150 178
35 47
193 195
107 187
110 186
100 156
182 199
157 166
164 198
122 127
151 197
181 199
82 83
44 84
55 85
154 193
67 94
118 168
162 192
86 91
189 192
66 88
23 35
61 87
5 51
66 79
82 84
135 139
105 175
122 179
2 90
112 127
11 20
127 177
105 125
51 76
9 46
136 181
162 177
124 132
167 182
168 193
49 63
87 92
51 94
7 48
141 178
134 196
155 166
111 134
152 157
152 194
140 153
191 196
138 151
74 84
184 200
65 71
129 137
41 94
28 60
30 57
62 92
26 38
179 195
17 51
5 29
98 106
154 168
26 33
62 66
78 83
58 75
143 189
63 93
112 164
80 95
69 81
193 197
57 77
7 74
183 193
9 38
183 187
10 62
3 45
31 52
78 92
123 178
170 187
131 177
20 55
114 195
82 85
181 195
188 191
141 149
179 186
25 72
75 86
99 157
76 84
111 193
79 85
165 172
154 199
95 173
49 95
32 95
52 87
38 51
123 200
54 94
18 61
157 169
71 72
108 195
30 79
159 189
141 188
177 187
92 94
85 88
48 49
116 139
12 17
161 177
1 88
160 196
133 165
65 85
127 169
89 93
15 21
4 36
168 177
122 160
192 194
115 157
156 163
72 90
35 67
147 191
142 172
56 69
