200 385
65 96
15 79
154 168
88 122
197 198
15 153
138 191
56 180
195 197
43 182
80 136
52 71
130 178
76 104
165 180
128 131
67 170
86 89
142 175
4 181
96 179
167 189
105 127
79 148
39 111
32 145
191 197
23 96
109 161
112 169
171 194
102 106
185 191
133 180
41 49
82 85
24 57
89 122
108 165
68 144
195 200
161 176
156 195
105 190
145 196
130 162
185 189
188 193
46 111
147 156
140 148
50 58
153 159
158 197
38 54
123 174
102 110
16 65
141 181
34 141
10 182
23 139
193 199
73 197
170 177
67 114
158 161
88 173
151 176
157 173
155 195
90 137
133 139
135 185
197 200
31 114
51 161
165 182
20 94
194 200
42 180
159 182
189 194
128 149
28 69
165 199
136 177
175 184
70 86
30 81
47 162
137 159
142 176
97 140
93 183
64 133
27 166
115 173
12 108
19 81
182 191
11 192
83 151
190 193
91 157
131 137
40 183
134 149
77 130
14 175
153 180
164 167
120 198
74 169
9 155
16 35
29 117
183 200
72 120
100 125
155 200
118 150
133 153
119 185
176 186
61 161
71 96
132 178
18 21
155 197
150 200
45 134
195 198
114 158
66 108
193 198
69 124
16 77
1 7
88 105
54 129
48 55
81 108
189 199
7 54
37 72
49 111
80 172
50 184
174 179
138 187
178 180
54 150
85 138
167 175
143 197
44 54
106 134
132 161
7 164
185 196
103 180
25 40
196 200
148 188
17 106
116 182
182 188
100 102
113 135
42 169
87 191
154 157
31 117
94 138
140 179
127 191
35 123
40 116
178 200
161 195
84 185
14 151
194 197
68 113
141 145
64 91
174 184
145 153
162 196
149 156
26 195
49 191
186 200
150 155
57 60
86 88
95 154
117 150
139 162
62 79
11 79
110 175
91 148
2 149
9 158
19 106
34 38
159 179
26 90
153 183
111 199
99 177
11 153
36 127
6 104
94 152
26 58
148 199
92 119
170 174
186 194
58 110
67 182
73 120
60 122
192 193
27 141
169 171
160 177
136 155
172 190
152 189
184 191
70 188
121 195
47 55
175 197
28 117
192 198
56 60
166 174
121 161
89 127
46 144
98 128
94 105
62 105
145 152
48 108
44 166
180 192
69 170
3 184
129 166
2 77
186 188
190 195
89 151
3 91
30 193
125 176
32 69
84 138
102 195
103 191
78 196
112 172
173 193
25 63
84 155
146 189
175 180
136 179
169 185
129 183
20 87
72 197
95 141
81 116
134 182
59 91
101 104
130 177
150 151
24 26
59 128
105 156
47 197
85 119
146 177
13 15
93 157
122 189
45 127
151 155
53 153
22 40
162 190
117 124
68 163
106 158
63 152
170 200
8 161
63 73
154 180
87 157
46 112
33 98
116 191
100 171
19 65
163 191
111 134
21 29
129 186
99 180
169 180
152 183
143 173
116 186
179 196
10 96
112 118
135 183
42 138
95 131
177 181
160 196
193 200
128 196
125 185
156 178
13 47
104 149
149 170
18 110
55 167
4 190
107 180
34 139
8 105
69 141
76 79
6 127
190 200
103 123
35 59
168 186
135 163
131 195
140 175
40 44
74 151
81 109
55 82
187 200
149 173
137 188
20 83
144 170
5 85
97 110
52 198
167 171
147 185
64 95
194 196
121 152
13 103
161 189
124 188
132 164
142 185
143 196
157 170
114 199
126 167
70 197
146 148
181 183
162 194
75 81
24 39
