200 388
21 98
111 118
37 132
105 127
101 123
126 130
30 105
9 86
57 85
91 103
98 126
194 199
157 183
8 23
146 193
59 67
134 135
167 183
148 176
166 188
3 71
41 78
95 102
19 110
181 185
157 189
157 163
95 129
178 182
136 138
56 64
72 123
116 135
141 159
177 184
123 126
77 131
68 125
64 138
130 136
92 113
96 116
192 197
110 114
112 126
29 45
166 195
6 132
47 81
133 136
103 119
97 118
63 93
160 177
38 105
16 93
194 197
88 117
145 167
10 130
82 87
2 55
106 134
142 199
25 29
69 136
5 51
59 132
11 56
32 60
33 108
37 135
108 110
141 197
187 199
174 187
146 172
152 187
99 123
17 47
175 180
51 101
135 138
175 196
58 122
52 118
159 170
118 129
170 173
152 181
103 106
147 190
27 48
20 45
184 190
117 128
132 137
1 48
105 126
131 134
109 133
27 84
91 104
127 132
169 181
57 64
74 126
114 121
177 186
116 125
13 87
10 59
62 86
5 6
23 128
178 197
168 188
186 197
156 198
116 129
26 72
32 90
86 97
12 97
193 200
158 168
155 187
83 129
43 127
15 44
45 117
28 96
31 58
24 83
129 132
8 25
92 104
113 119
89 127
123 130
167 198
170 187
108 134
13 99
100 103
28 45
90 108
108 114
29 126
110 127
190 199
145 162
73 105
160 188
111 121
69 84
132 135
102 127
78 137
107 131
35 84
192 198
76 114
83 136
78 100
80 97
11 112
44 110
132 134
104 113
149 196
97 137
70 84
151 161
38 83
85 109
90 115
183 191
113 130
44 82
21 51
106 127
163 194
144 173
34 103
147 196
154 166
140 151
171 197
48 128
140 172
139 172
31 89
84 106
18 29
71 74
181 186
146 156
168 200
68 127
22 89
18 95
127 138
130 138
16 99
54 86
173 184
138 181
148 175
52 100
49 85
79 110
98 113
88 136
42 65
11 128
97 124
188 200
106 116
75 133
64 87
136 137
38 137
89 102
10 38
145 157
183 197
26 81
67 79
140 200
149 156
182 194
177 200
63 125
55 80
134 136
22 39
173 181
155 176
89 101
72 98
13 57
49 66
79 106
124 131
119 135
91 112
81 86
19 115
53 122
164 179
77 87
84 95
143 173
64 86
192 200
18 20
26 108
127 133
158 189
93 106
150 155
104 128
179 194
99 101
100 104
70 131
101 130
15 89
66 93
16 80
15 63
159 175
94 114
180 186
4 99
143 198
82 111
162 171
137 198
90 121
152 174
32 74
39 73
7 66
164 193
92 110
185 200
175 199
24 63
86 95
163 182
101 135
180 197
185 191
87 121
123 124
189 192
150 194
14 79
37 106
174 179
77 89
130 135
83 115
174 183
117 138
182 192
120 136
96 113
61 78
96 117
35 95
66 88
45 113
8 96
179 185
121 134
183 199
139 187
160 193
68 122
133 135
168 184
195 200
191 197
53 103
159 193
172 187
171 183
75 87
171 181
99 126
194 200
65 82
165 184
115 128
147 175
45 54
79 82
135 136
142 160
63 90
144 149
125 126
36 115
149 199
169 180
109 110
78 93
59 111
46 94
148 194
23 121
161 166
153 168
189 194
40 65
124 127
82 105
60 121
61 110
176 195
76 122
61 75
193 197
115 121
76 90
48 69
162 183
138 153
121 125
7 31
112 127
196 200
141 191
179 200
41 100
29 61
142 180
188 199
122 137
182 189
105 133
50 89
71 75
28 80
128 136
