200 199
177 178
62 63
6 7
52 53
58 59
189 190
179 180
93 94
109 110
81 82
152 153
80 81
119 120
108 109
74 75
86 87
163 164
135 136
23 24
37 38
190 191
114 115
63 64
178 179
196 197
133 134
174 175
12 13
73 74
105 106
145 146
97 98
128 129
71 72
78 79
89 90
29 30
7 8
194 195
130 131
129 130
184 185
134 135
30 31
21 22
164 165
151 152
25 26
54 55
18 19
180 181
168 169
85 86
106 107
46 47
35 36
77 78
26 27
99 100
171 172
111 112
126 127
165 166
84 85
123 124
148 149
102 103
8 9
154 155
64 65
69 70
83 84
188 189
185 186
132 133
19 20
183 184
136 137
2 3
117 118
137 138
118 119
107 108
146 147
72 73
39 40
65 66
87 88
22 23
9 10
140 141
32 33
153 154
56 57
181 182
161 162
197 198
113 114
192 193
88 89
155 156
11 12
98 99
67 68
31 32
193 194
187 188
68 69
141 142
43 44
158 159
199 200
44 45
176 177
127 128
94 95
131 132
92 93
172 173
182 183
160 161
91 92
5 6
144 145
28 29
149 150
143 144
96 97
27 28
41 42
38 39
4 5
55 56
142 143
157 158
10 11
125 126
59 60
1 2
90 91
159 160
20 21
42 43
53 54
156 157
34 35
138 139
112 113
150 151
169 170
115 116
175 176
60 61
95 96
166 167
66 67
79 80
122 123
195 196
147 148
17 18
167 168
57 58
47 48
36 37
100 101
82 83
139 140
49 50
198 199
48 49
191 192
101 102
110 111
124 125
120 121
24 25
50 51
40 41
70 71
45 46
14 15
121 122
186 187
103 104
75 76
3 4
104 105
76 77
13 14
33 34
15 16
61 62
116 117
16 17
51 52
173 174
170 171
162 163
