300 1368
65 162
93 259
90 236
104 216
148 193
48 205
198 255
40 120
205 298
115 182
241 267
38 112
98 243
69 234
136 235
86 245
21 232
113 156
233 237
227 243
184 293
143 170
184 258
292 299
130 205
153 213
229 242
181 287
232 272
81 257
127 144
201 232
220 247
271 285
159 234
129 194
53 73
194 254
67 212
275 297
97 186
4 112
232 295
26 286
132 286
185 243
225 241
136 267
11 297
21 82
268 279
91 145
245 266
208 294
3 162
255 290
283 292
97 161
238 294
30 216
192 279
23 83
100 134
51 153
141 246
80 205
205 267
51 80
23 208
198 265
271 279
39 127
236 296
246 270
260 289
224 230
62 230
57 144
159 215
286 289
272 275
176 205
63 111
20 121
207 233
75 103
247 276
107 167
198 295
153 251
135 181
83 85
129 146
62 76
53 177
235 240
11 211
258 291
8 280
12 90
170 280
169 187
225 263
237 280
294 296
260 265
212 274
257 281
160 295
237 247
233 275
281 291
245 263
182 286
237 277
206 218
264 280
108 247
191 215
173 216
271 274
207 256
180 204
65 73
208 277
266 284
252 287
83 182
215 216
9 120
18 213
47 60
150 275
246 266
286 297
104 253
200 265
134 258
20 171
243 250
270 291
294 299
265 294
260 292
233 238
92 257
173 197
85 277
126 129
85 271
176 299
84 165
118 281
59 134
145 168
20 224
191 227
183 249
109 150
183 287
77 136
259 280
144 199
89 292
109 220
249 250
232 262
15 22
195 244
288 290
11 16
165 224
146 198
45 134
40 272
258 261
206 250
211 254
90 207
279 285
102 109
92 204
34 159
174 251
15 50
275 282
161 222
254 300
219 280
59 110
269 277
117 182
268 292
95 221
156 170
263 271
137 194
262 300
74 273
205 291
13 165
66 282
38 168
288 293
71 188
21 135
126 210
266 295
40 67
66 291
246 292
112 154
262 277
68 166
237 254
200 209
275 285
285 297
110 190
265 292
72 259
136 249
165 229
108 291
55 177
252 300
88 181
107 238
50 148
44 170
258 275
196 299
292 295
129 223
268 299
270 296
278 297
96 277
253 274
190 241
168 218
33 171
200 213
107 191
107 230
142 243
160 231
76 180
2 187
40 176
131 139
79 215
69 296
27 184
71 287
158 236
40 289
175 286
211 260
127 257
249 290
197 221
120 195
235 238
255 260
169 184
262 269
274 299
44 74
129 216
1 154
56 253
238 274
227 254
38 83
37 69
41 222
130 276
136 266
185 242
60 297
238 244
281 300
34 185
221 300
134 249
241 243
234 293
144 297
241 255
104 107
43 237
271 294
66 269
212 238
52 75
45 116
206 260
199 273
76 116
106 287
223 269
133 288
93 230
58 140
120 219
141 194
247 278
269 286
34 274
113 285
266 294
228 254
221 232
136 182
182 209
28 274
162 181
113 265
70 264
244 261
286 296
142 219
171 256
237 260
66 105
159 245
243 252
4 143
123 127
6 116
46 111
167 246
231 281
234 248
13 63
169 180
63 226
18 268
59 257
29 256
196 296
192 268
265 300
142 162
225 268
104 261
24 40
260 278
10 131
212 277
140 158
282 293
94 124
67 218
92 179
203 224
268 297
159 184
100 136
191 300
21 125
243 260
195 228
238 253
145 220
120 141
124 279
188 293
243 292
208 291
160 258
97 182
18 148
9 228
77 196
115 218
200 296
271 300
215 252
244 288
96 231
149 226
164 234
16 31
115 264
108 235
152 296
279 289
281 299
239 269
291 295
20 29
182 285
247 254
137 281
26 274
10 276
61 156
142 275
170 208
173 219
250 287
292 300
123 261
96 127
138 215
264 285
90 141
117 256
96 205
221 266
29 233
62 293
75 123
195 247
240 267
47 214
142 231
176 292
169 178
217 227
44 209
268 269
291 297
70 218
296 300
44 71
102 127
59 274
28 292
46 271
221 261
158 273
64 266
176 204
202 250
263 269
91 228
28 246
232 233
219 296
87 179
11 167
220 228
56 279
13 183
95 230
29 51
49 50
217 278
274 284
14 232
238 282
203 226
75 120
189 208
225 266
23 110
179 188
103 276
178 252
90 101
212 297
221 236
29 75
232 243
195 266
159 296
39 100
43 297
228 279
169 240
191 252
153 168
141 162
97 191
227 286
269 296
108 129
38 242
22 84
29 262
32 228
220 295
125 182
20 284
177 272
146 294
18 130
236 300
51 251
4 296
177 244
250 292
222 277
276 291
150 156
104 225
191 223
141 292
188 227
241 299
58 64
256 290
62 292
73 138
23 90
147 294
23 288
226 289
106 257
267 296
57 240
279 287
68 70
278 300
227 277
78 79
282 292
193 209
123 188
158 278
51 300
277 285
108 286
114 157
116 218
76 182
270 272
247 261
281 282
36 276
245 294
31 154
106 233
47 176
239 276
86 105
70 117
20 230
257 264
90 240
48 137
97 125
23 176
23 279
45 256
259 293
208 269
63 217
106 171
3 200
92 200
64 97
182 202
58 98
147 171
262 299
195 211
157 207
252 278
63 182
90 282
289 297
77 154
215 217
38 97
107 177
150 251
281 287
194 197
232 246
23 141
19 181
115 197
24 223
115 209
162 240
258 265
138 276
143 227
2 281
158 163
247 292
264 293
249 264
179 253
142 282
277 279
290 291
286 299
12 100
146 272
82 113
255 259
231 233
15 224
14 103
71 264
225 250
43 198
63 89
178 299
251 272
86 101
150 295
224 298
24 38
2 273
243 281
98 263
214 245
184 188
42 223
231 299
62 68
36 53
128 241
84 134
96 197
24 290
270 273
274 276
21 192
73 217
54 146
85 204
99 281
81 145
246 273
192 212
127 255
133 232
2 63
92 255
138 212
14 184
250 298
136 242
203 243
99 268
137 157
178 208
168 181
296 299
212 258
164 300
205 268
2 257
145 297
165 205
105 162
206 255
225 276
211 241
264 265
99 148
259 277
138 222
33 247
19 59
114 144
27 216
266 268
10 71
69 130
273 295
194 221
172 259
76 283
125 152
11 75
95 101
68 218
49 138
252 296
167 210
40 160
163 210
91 146
281 297
14 48
294 300
55 81
182 253
160 257
127 193
211 231
192 197
27 115
151 159
27 270
277 278
149 163
189 296
35 250
283 289
75 237
95 212
134 289
212 223
44 173
144 174
153 182
112 288
217 226
102 184
205 253
15 149
137 220
109 148
277 288
30 81
242 283
139 204
149 230
27 186
248 277
79 165
47 200
255 277
239 248
266 267
130 151
197 293
15 199
140 179
121 139
69 243
61 189
5 277
112 232
160 180
57 281
103 199
173 187
275 290
76 83
84 139
64 193
100 258
182 217
294 298
204 290
184 256
161 263
2 119
169 192
229 292
61 210
18 142
172 185
159 261
143 260
80 141
123 176
174 193
250 272
95 294
227 290
19 142
98 220
33 268
81 247
90 92
268 291
2 90
160 186
136 225
35 87
216 267
48 234
187 227
292 298
70 250
187 280
206 289
44 79
169 198
84 282
89 152
90 173
247 248
26 119
196 265
285 289
139 224
173 177
125 233
147 271
195 201
171 258
71 131
66 166
224 295
292 293
17 298
19 216
267 285
269 274
36 104
189 253
151 220
137 173
9 224
110 223
293 296
206 282
283 290
231 245
207 286
47 95
235 288
235 293
140 145
230 256
275 287
117 291
62 93
232 293
213 262
126 206
47 79
129 276
51 91
164 226
151 244
127 239
295 297
112 134
32 253
213 263
205 210
266 273
107 264
30 49
15 131
110 262
227 272
142 222
21 93
235 268
1 91
176 196
6 39
200 242
96 125
165 284
33 279
101 206
91 251
145 266
191 260
108 222
51 75
12 20
133 235
130 262
209 259
105 300
231 248
76 227
7 35
146 254
177 232
190 258
125 296
94 203
154 253
48 216
158 177
215 263
246 253
71 299
228 249
209 229
237 270
179 203
57 183
112 283
244 252
58 114
92 288
100 203
181 283
149 212
99 299
116 209
187 232
280 291
249 299
80 133
59 235
277 298
17 116
291 296
30 249
69 249
78 99
177 178
211 280
98 245
182 207
133 215
170 216
234 257
143 146
125 289
11 155
201 276
20 160
213 275
116 217
204 269
36 79
224 247
33 153
155 193
96 194
168 255
251 296
288 297
50 176
49 89
27 61
112 248
161 185
3 78
283 293
263 281
162 249
197 267
56 75
57 95
24 216
285 287
221 268
117 163
141 173
24 227
145 177
120 198
15 40
174 213
113 268
188 211
235 239
240 291
194 260
108 166
279 286
213 261
114 122
158 267
9 119
286 293
287 290
75 158
141 243
158 252
187 241
241 281
205 269
104 204
195 288
129 273
25 98
283 299
4 108
67 101
200 261
198 287
124 165
76 260
150 172
268 284
181 184
142 192
134 209
61 70
56 248
102 255
14 47
294 297
57 148
283 295
274 277
62 113
252 259
104 233
87 111
245 288
178 217
236 239
224 255
99 269
19 101
39 157
234 237
226 242
165 240
151 173
19 229
113 274
260 270
66 281
137 263
65 198
134 225
194 252
110 194
26 256
263 270
148 178
89 94
12 19
19 114
14 200
52 128
45 294
186 248
203 233
198 243
57 269
67 215
266 288
148 244
18 102
92 263
285 300
80 221
50 203
43 56
262 288
14 172
187 284
246 283
292 294
269 292
49 221
253 289
177 281
13 169
132 134
43 149
252 291
265 280
245 281
250 279
111 185
126 283
149 164
264 269
283 287
104 238
181 271
91 213
213 265
63 132
28 290
4 181
261 287
120 245
178 218
159 265
141 154
130 213
194 208
223 267
56 258
69 215
275 278
271 275
205 262
216 262
30 60
248 292
117 275
80 117
227 229
15 210
12 262
288 289
43 110
143 278
28 134
162 178
171 237
270 292
206 229
225 289
203 258
95 154
161 164
212 275
194 247
291 299
221 272
122 241
198 238
254 274
14 154
63 88
28 119
123 276
247 295
180 225
77 210
77 117
162 272
269 289
181 251
21 41
117 216
58 263
277 281
290 295
31 177
292 297
119 289
244 248
85 123
105 164
234 260
108 175
77 147
114 164
291 292
185 209
148 275
84 147
214 220
26 69
97 113
120 140
47 197
284 297
99 277
258 270
228 231
65 83
32 37
116 172
12 41
91 195
82 151
146 149
271 276
244 269
219 259
255 261
145 264
121 289
100 273
160 171
186 234
52 193
223 289
38 164
272 288
185 252
44 252
102 202
26 193
4 175
255 276
172 209
45 282
159 179
267 290
239 258
279 283
258 277
30 250
22 216
31 165
213 266
163 168
34 121
267 278
255 279
220 279
107 268
100 132
150 282
189 278
275 281
235 263
57 219
121 251
190 264
147 201
27 185
117 284
223 237
208 247
166 263
164 175
165 210
262 276
242 292
234 256
161 239
262 289
170 265
165 268
229 284
18 39
32 112
127 187
258 260
89 233
252 277
150 182
9 20
262 286
24 92
111 169
153 177
69 242
203 220
96 240
184 239
156 183
200 202
226 292
293 298
158 227
106 253
232 279
124 144
112 158
250 299
147 188
153 156
116 162
120 290
237 296
178 249
40 144
161 188
102 141
170 283
285 296
254 263
36 265
174 262
174 278
270 295
99 282
269 273
61 114
68 170
11 285
13 136
190 220
255 292
148 293
218 236
140 190
213 287
185 280
237 283
289 290
65 215
188 271
144 198
26 35
176 233
287 294
106 247
113 223
270 282
238 286
143 177
139 208
62 242
60 185
116 203
276 288
234 270
45 58
173 271
115 271
260 268
254 262
33 299
226 263
91 173
81 115
60 97
109 191
78 290
245 289
137 141
274 289
234 291
19 131
227 240
195 280
112 259
265 290
244 289
1 218
39 234
185 233
40 110
38 175
78 259
1 233
269 283
214 255
56 63
178 228
117 226
34 232
81 91
115 142
97 174
139 290
115 158
283 300
215 277
88 189
71 248
270 284
156 211
266 275
59 180
59 62
33 205
184 211
281 298
292 296
41 189
231 240
78 207
147 215
271 296
289 300
49 117
218 275
279 291
191 234
210 267
140 147
127 147
18 294
2 20
63 247
140 230
194 256
110 276
59 94
85 283
164 169
173 227
184 235
279 299
113 121
204 245
109 212
11 30
37 190
138 293
17 289
191 290
