300 1325
199 288
280 298
257 289
197 263
281 291
247 267
246 289
247 284
92 112
238 299
22 152
116 293
122 218
58 228
83 226
199 216
47 116
94 268
82 176
200 293
9 12
274 279
198 246
141 204
289 297
130 211
211 260
66 211
139 166
146 223
54 207
268 285
218 291
286 300
162 169
261 279
182 231
150 170
58 120
139 258
75 121
48 277
230 269
207 225
239 258
7 18
257 288
109 280
135 260
131 202
2 16
174 262
258 291
234 265
212 247
82 148
233 279
114 213
104 131
177 188
131 144
211 248
228 244
170 181
249 276
253 295
69 220
190 298
51 61
95 262
228 269
79 154
194 278
116 286
87 154
32 289
14 19
42 146
215 260
196 206
103 110
90 175
273 281
168 207
270 290
35 183
60 125
79 283
261 283
185 200
16 116
32 211
30 42
269 277
155 167
202 267
208 274
172 274
133 230
9 14
113 157
165 281
266 273
284 291
169 186
236 267
98 258
228 259
108 226
104 253
27 200
8 19
71 289
63 153
280 290
96 184
174 299
269 278
166 291
174 186
149 156
84 218
210 239
208 272
4 15
274 300
83 275
77 141
111 255
34 135
272 298
21 128
75 262
279 298
2 8
178 239
16 264
155 259
69 91
52 180
149 251
40 273
61 105
231 245
169 227
73 277
103 240
190 283
144 158
203 268
12 14
56 110
247 258
90 229
39 233
108 117
140 296
287 292
154 160
79 125
196 269
187 241
47 283
75 184
35 86
146 278
111 207
259 287
82 135
167 203
3 9
130 264
66 81
179 278
272 285
20 218
27 125
158 260
83 155
129 134
229 239
34 73
118 131
108 142
17 34
253 263
48 131
166 200
166 186
228 270
42 168
60 251
202 231
47 70
160 173
30 148
19 62
220 225
7 19
48 299
76 99
91 214
63 115
199 264
148 273
155 208
173 238
13 17
159 164
287 298
190 237
123 185
64 273
255 270
285 300
288 293
199 286
207 238
26 49
271 298
129 146
258 263
58 222
207 274
268 298
238 284
9 13
213 288
36 200
280 292
157 212
233 278
107 143
161 187
36 279
240 257
52 58
101 166
55 145
288 295
105 225
257 294
258 275
271 278
138 296
34 243
36 66
54 254
8 13
212 257
190 215
245 284
53 118
33 264
68 83
274 299
166 271
156 203
218 225
86 260
23 198
32 228
243 280
236 300
85 121
47 264
239 259
159 232
205 265
169 210
284 289
206 271
120 165
197 248
93 183
109 275
281 290
137 252
281 293
48 68
275 296
270 295
206 239
246 296
57 210
11 14
269 294
51 71
114 214
78 214
47 74
167 199
249 255
64 196
208 294
40 275
174 191
46 109
284 297
260 284
123 237
100 189
70 182
66 76
96 129
267 297
207 297
82 89
199 221
19 233
128 225
203 263
72 241
145 182
205 240
85 173
181 280
146 231
124 232
16 80
109 125
273 297
173 235
63 88
56 123
158 238
79 160
124 256
213 300
179 238
179 295
154 194
281 296
195 286
275 289
130 247
108 211
171 231
149 268
288 299
110 272
217 256
124 299
167 246
154 189
50 263
202 208
272 296
262 280
53 292
189 235
275 285
276 298
218 231
143 227
189 244
179 274
258 274
162 277
118 130
206 263
95 204
59 261
64 164
262 292
105 215
60 191
109 133
117 236
115 216
264 273
242 286
39 275
176 182
180 229
73 113
79 167
270 282
63 92
106 274
88 150
255 268
209 265
246 284
56 199
176 294
51 189
267 283
187 278
8 15
58 105
126 235
32 150
249 279
271 285
281 288
32 118
9 15
251 292
162 283
27 175
279 286
119 180
233 281
286 293
194 292
176 223
272 300
122 283
10 17
200 297
97 178
97 150
281 292
139 197
289 296
84 287
266 279
163 207
10 18
136 273
84 140
129 208
203 244
220 264
240 267
284 290
136 241
165 237
238 300
165 202
226 243
29 184
161 284
191 232
220 232
244 273
246 291
270 283
49 83
142 194
31 248
285 291
251 277
11 15
287 294
114 205
230 237
134 241
87 277
172 183
35 111
64 201
95 198
242 269
143 171
114 286
160 296
266 276
6 18
250 278
225 251
108 276
176 275
99 276
90 201
17 82
39 139
265 281
63 181
77 207
167 193
106 277
189 212
270 275
266 290
109 150
47 258
234 271
189 202
233 287
207 216
271 283
200 227
192 210
42 130
255 264
195 243
159 276
56 105
222 231
239 283
186 210
67 212
145 152
58 169
8 16
100 295
282 294
189 217
256 283
205 210
271 277
290 297
39 289
206 292
83 135
73 190
111 298
96 208
16 138
36 109
171 283
236 295
112 153
172 228
97 105
289 298
232 273
150 250
240 245
68 300
140 219
191 218
28 216
65 211
208 286
72 104
232 280
288 297
15 19
97 151
53 147
261 291
162 234
97 163
45 219
155 193
166 202
232 277
253 267
208 251
207 229
289 299
103 195
27 41
83 177
124 130
237 288
167 178
218 237
110 264
107 292
34 188
165 261
95 268
94 287
157 292
136 189
238 293
250 271
48 183
245 297
272 297
193 211
194 300
223 238
17 41
56 284
39 112
3 4
171 178
221 260
269 288
2 4
280 300
3 12
279 292
62 233
138 248
165 234
46 108
5 6
267 286
245 285
90 166
248 271
91 287
123 166
126 176
70 127
223 264
96 249
16 190
243 251
158 203
130 284
278 297
197 233
190 195
16 245
12 16
143 231
121 268
52 77
36 58
192 230
125 168
158 177
244 287
212 244
192 244
168 193
140 215
250 295
108 135
75 173
193 260
56 149
189 267
132 208
200 274
52 288
286 297
286 292
53 79
143 281
179 221
251 282
91 288
111 248
200 231
198 218
54 199
3 8
145 216
215 259
221 229
50 212
92 153
34 116
112 189
71 282
145 162
200 265
81 217
103 127
2 9
193 287
108 143
246 295
12 17
262 275
83 148
240 249
56 196
216 241
238 261
192 198
75 165
165 277
206 268
101 165
82 293
262 269
218 251
81 114
181 235
159 248
12 18
240 279
26 176
217 227
253 271
213 248
245 289
4 17
114 223
122 292
138 292
64 226
189 281
74 179
204 215
34 216
76 268
269 297
148 210
211 270
164 183
225 279
14 15
134 194
276 296
35 145
249 282
116 228
230 279
230 255
13 19
145 179
50 194
19 78
174 227
77 237
197 281
68 87
210 244
162 272
54 182
121 150
280 287
98 256
45 56
168 280
265 271
233 257
246 280
132 204
10 12
101 285
243 284
277 295
233 280
228 276
134 209
169 286
114 241
249 299
79 228
84 277
202 222
263 269
103 133
150 197
99 157
234 264
47 191
247 272
63 234
39 59
122 192
75 241
207 247
58 229
88 114
67 211
67 75
157 169
151 177
17 247
280 299
279 288
14 17
239 263
66 273
101 178
225 284
67 249
277 293
94 202
70 282
139 228
25 297
5 14
265 279
172 289
126 270
271 284
250 265
218 247
182 229
100 122
52 245
136 222
80 179
138 222
38 210
167 292
122 237
138 205
123 191
204 233
255 271
20 33
4 9
270 291
111 251
27 273
48 240
112 245
236 270
175 200
74 240
111 292
45 67
148 215
64 176
166 205
134 184
12 13
263 299
123 269
3 17
264 290
80 232
38 238
190 223
250 296
180 209
173 187
13 14
213 254
155 209
130 271
277 300
97 190
104 165
236 257
261 290
227 290
51 69
141 221
10 13
204 250
259 276
190 276
163 288
263 279
39 195
80 118
58 239
269 289
170 217
180 282
259 267
225 265
111 144
289 294
197 287
11 16
254 296
145 285
65 183
204 248
210 290
276 297
153 159
97 117
106 291
240 291
157 221
274 289
217 281
183 282
197 270
255 288
278 287
41 200
71 231
40 254
102 223
205 280
145 220
158 292
109 273
215 298
133 190
272 281
110 156
12 19
45 295
142 209
142 163
86 202
133 242
95 206
117 135
203 219
23 67
204 266
59 188
89 109
240 270
112 225
210 270
288 298
149 261
100 270
10 16
29 120
11 17
184 267
196 229
165 230
26 193
208 267
194 250
225 244
266 299
88 118
63 295
265 300
284 300
8 9
215 286
128 175
18 239
255 261
202 271
93 280
245 279
273 282
108 236
35 198
102 154
90 154
100 272
157 269
146 299
91 293
223 289
13 15
267 278
154 159
117 207
132 209
55 87
110 282
192 250
258 296
43 151
45 245
240 261
190 235
159 221
290 296
268 290
117 224
142 204
67 158
59 97
88 144
285 293
287 297
170 185
283 292
82 253
208 293
289 295
85 107
275 291
23 149
107 269
219 250
178 254
191 281
241 289
215 244
172 251
217 273
280 295
55 294
23 64
28 251
272 282
86 256
151 229
132 137
196 287
155 202
158 281
96 198
242 277
228 295
47 165
19 75
139 170
43 131
151 223
84 206
218 260
12 15
167 195
213 284
117 266
129 299
237 290
134 265
30 132
158 175
245 269
170 285
262 268
93 261
268 284
151 163
64 163
48 239
134 238
162 168
179 266
146 218
198 291
260 298
96 204
11 12
175 243
254 295
123 263
83 242
287 296
45 122
221 247
92 135
2 3
135 151
140 297
125 204
185 297
155 283
146 215
288 300
82 237
288 294
24 225
221 240
154 188
53 263
177 249
217 272
71 119
282 296
31 112
284 295
67 181
279 291
102 226
179 216
53 183
16 183
49 175
223 234
77 129
221 256
27 171
247 262
42 192
42 189
181 253
30 286
22 112
90 174
141 295
27 104
64 183
2 10
238 278
122 203
267 277
153 173
145 206
212 229
33 299
65 193
134 168
23 94
76 106
154 238
289 300
70 292
63 235
147 281
172 279
279 297
92 143
203 237
235 250
197 227
134 221
104 255
82 189
204 275
117 233
149 277
286 299
237 254
115 210
142 171
107 152
239 254
246 287
8 14
106 208
273 285
237 300
17 190
152 273
215 228
104 250
286 294
116 216
251 281
219 269
135 263
235 263
31 129
260 292
261 273
267 284
4 6
256 297
3 16
16 182
9 10
235 290
105 268
235 299
267 276
140 209
244 292
148 269
185 220
17 23
186 283
244 282
258 288
105 128
244 299
4 5
77 193
61 267
36 295
9 18
255 296
3 10
36 96
180 195
10 14
245 252
140 207
242 255
281 287
157 229
173 261
28 112
59 197
261 266
177 209
212 238
189 262
214 225
37 75
51 172
179 185
288 296
75 269
285 298
152 165
44 242
160 191
225 296
212 280
239 298
84 283
148 160
71 256
170 228
43 90
170 219
9 11
31 104
93 179
48 223
225 241
196 278
252 298
269 290
87 279
87 95
201 272
162 282
280 293
285 299
84 228
164 233
200 294
149 230
71 148
21 172
65 125
128 202
216 265
279 285
45 270
88 116
272 294
116 264
244 270
217 284
92 239
56 163
259 295
276 286
224 274
18 132
127 283
30 130
215 294
244 281
135 168
95 263
1 9
27 158
50 240
212 259
96 206
66 229
203 285
149 257
6 9
95 283
102 195
202 223
67 173
119 217
285 292
154 227
258 293
73 263
262 271
225 299
97 232
67 278
139 194
274 290
251 294
274 288
130 160
220 284
30 38
109 259
258 272
18 71
119 184
170 191
176 265
35 105
238 257
54 245
91 235
183 216
28 154
25 284
11 13
141 196
143 222
65 257
196 225
212 253
138 154
157 268
244 293
40 133
197 282
246 261
138 247
137 207
251 260
200 290
101 158
91 152
115 209
251 283
151 243
89 135
129 224
23 165
191 284
96 272
143 236
26 281
4 13
51 108
118 135
137 262
17 147
161 210
282 290
140 172
192 220
239 276
188 294
278 289
62 158
17 296
10 11
223 290
143 292
253 274
93 184
2 6
130 235
71 147
290 300
130 273
103 150
217 294
237 270
238 279
154 276
14 18
68 208
53 259
40 118
245 292
170 260
259 300
167 285
274 297
243 287
140 235
203 284
9 16
152 271
