300 1337
46 68
197 224
38 72
128 234
120 270
188 198
239 266
34 73
165 200
221 256
46 75
57 75
171 262
51 68
287 293
58 74
65 73
190 226
193 222
288 297
28 43
249 255
138 294
201 292
264 292
176 209
139 249
162 266
67 72
282 292
233 295
3 37
263 286
286 299
32 68
204 228
187 220
185 245
206 216
105 118
10 25
127 137
186 237
146 245
2 43
271 299
112 300
216 228
278 285
51 69
213 278
266 293
46 55
26 50
108 135
161 275
173 219
86 228
258 277
285 293
108 169
212 244
131 244
102 280
230 283
83 158
191 231
286 300
164 187
236 270
175 264
4 72
285 294
193 206
131 179
32 73
86 219
97 150
276 286
248 287
245 254
286 297
65 74
48 66
115 297
207 265
166 207
155 271
233 257
172 268
41 55
245 297
20 54
29 51
123 253
180 269
7 12
88 273
197 275
186 243
124 148
46 63
84 255
167 205
139 159
249 294
26 74
269 287
243 260
38 71
178 290
85 230
42 68
206 262
7 42
121 137
158 182
284 298
39 52
44 73
89 187
26 61
187 273
279 288
14 16
215 264
251 267
136 144
9 30
143 265
59 60
110 202
149 265
169 293
134 184
49 64
50 60
72 284
228 247
114 199
164 240
112 173
136 240
246 264
109 204
162 253
124 254
209 256
86 289
11 51
130 300
64 75
51 52
16 62
7 41
188 289
71 252
204 255
157 218
220 296
258 291
28 33
187 262
211 249
159 254
221 279
217 285
168 221
135 145
130 243
99 214
192 220
141 275
287 294
83 169
112 285
216 253
61 74
67 75
198 298
84 209
248 297
152 266
142 207
21 65
255 271
234 283
158 227
106 181
268 274
72 149
183 293
73 272
134 225
58 63
257 280
81 244
61 71
112 293
1 55
121 267
248 298
171 209
159 289
53 61
109 142
245 288
282 290
115 274
196 296
48 50
58 75
57 72
19 71
284 290
222 272
87 108
80 141
13 55
58 71
130 230
221 255
268 283
33 36
122 289
75 182
126 269
130 152
85 255
136 163
49 68
227 274
55 59
12 38
123 180
264 297
255 294
140 234
275 291
166 273
177 295
100 112
217 284
122 249
259 266
221 247
146 231
122 178
147 269
79 276
158 194
274 285
116 206
150 213
11 45
105 133
193 232
87 95
131 288
165 210
250 261
115 198
277 295
12 63
183 222
127 192
223 253
268 291
200 269
8 67
127 241
250 293
186 226
226 285
94 209
286 292
226 277
78 140
43 73
175 254
165 235
110 218
290 297
48 57
43 68
282 295
111 227
171 273
285 300
256 291
4 21
153 248
138 231
193 228
76 169
123 209
74 157
47 60
6 18
223 259
52 68
158 271
274 298
286 295
50 66
47 56
159 208
275 297
51 73
49 69
63 65
151 288
198 252
9 22
7 69
216 225
67 71
66 67
57 70
165 276
196 214
190 227
152 254
199 233
128 256
175 202
80 268
233 283
264 287
46 52
163 216
151 226
73 261
135 172
45 48
261 293
222 284
162 198
258 297
38 41
275 287
143 260
55 69
106 234
204 277
13 20
131 228
186 284
48 73
101 114
192 205
59 62
279 294
218 264
261 291
186 259
274 296
57 65
127 259
136 257
144 157
222 296
113 128
104 214
127 248
178 293
96 185
14 59
59 74
99 242
189 229
130 245
212 235
83 206
209 298
102 202
269 298
76 295
2 50
85 225
288 299
266 299
157 187
232 270
215 258
145 176
188 225
142 300
108 266
106 186
198 256
105 284
257 298
117 140
37 69
258 274
92 263
93 102
139 277
114 189
122 158
124 286
68 73
74 95
51 64
220 227
88 172
38 73
17 62
188 296
222 260
6 57
239 248
239 274
181 250
148 217
180 216
37 51
193 268
37 38
57 68
230 256
259 286
123 234
197 288
232 269
109 212
206 237
206 239
186 288
160 185
158 204
75 203
15 48
105 114
248 257
5 63
239 288
165 179
214 285
18 29
49 65
49 59
151 214
268 276
77 142
20 55
67 68
128 298
131 187
26 65
172 255
99 224
172 280
43 47
61 72
171 268
166 263
65 69
181 215
272 284
181 290
147 210
106 193
114 185
165 220
225 249
8 44
187 215
35 69
213 239
52 61
194 244
167 284
133 249
267 296
148 294
275 282
84 123
274 293
276 292
183 241
8 37
250 274
92 286
258 300
38 47
239 299
71 134
221 252
108 123
109 220
133 241
224 251
196 268
180 219
92 112
192 251
121 206
281 293
193 248
205 269
174 281
10 38
175 206
111 276
234 246
88 297
257 275
11 29
273 295
110 127
155 266
254 285
61 62
110 269
61 69
284 300
101 120
284 293
31 36
40 45
38 54
88 259
157 295
86 186
206 258
16 35
280 295
226 271
282 291
15 31
55 57
84 254
38 40
245 252
263 299
117 198
238 247
90 186
283 299
115 148
193 256
207 260
134 185
74 203
55 65
32 58
67 70
145 187
200 296
66 73
225 254
122 187
80 277
16 27
245 272
72 233
147 265
175 279
261 268
95 217
156 162
42 74
116 176
60 69
2 55
59 67
104 159
230 287
52 75
264 285
52 55
167 254
50 52
289 298
201 294
158 213
114 251
97 103
271 286
85 193
60 73
215 237
226 289
190 224
285 291
6 47
153 269
42 67
285 295
13 24
60 74
92 176
112 171
236 296
39 73
56 60
180 210
107 283
48 69
283 291
99 115
291 298
255 263
179 228
246 275
80 112
120 203
51 75
79 104
289 300
10 42
91 131
37 55
2 32
143 269
268 295
60 62
150 299
234 264
73 106
169 279
98 151
176 236
150 245
120 136
272 280
148 179
55 63
206 217
167 238
230 240
207 238
75 219
207 285
49 63
254 272
138 240
155 218
49 57
37 46
110 187
164 171
276 283
236 255
194 222
50 74
267 288
4 26
207 277
72 81
10 34
114 272
139 221
115 264
125 153
67 74
240 298
174 242
237 293
243 294
117 141
11 16
280 286
104 192
4 30
231 273
198 207
75 103
265 271
167 174
109 289
117 152
241 270
60 61
146 230
198 210
233 252
16 70
203 258
88 161
61 64
202 251
218 265
227 265
154 163
235 279
130 295
285 298
136 280
255 279
13 15
227 270
28 68
147 230
275 289
172 262
106 285
287 296
284 297
41 74
201 275
172 178
96 192
283 294
222 251
145 266
88 121
85 109
165 241
19 38
69 72
97 167
25 49
43 62
198 250
70 73
52 62
90 177
71 188
126 164
206 271
259 296
87 246
188 223
87 205
87 217
280 291
72 283
188 227
154 276
199 219
14 40
152 259
271 278
257 273
5 26
276 300
133 264
89 252
172 198
11 48
230 289
40 69
90 232
71 99
195 236
128 207
48 72
97 185
202 214
107 211
92 161
111 222
27 57
205 259
36 68
197 284
264 281
166 296
129 167
287 300
5 11
210 290
90 216
7 14
77 143
20 48
34 44
74 132
272 283
60 68
233 280
266 296
18 56
235 248
83 104
195 292
140 147
161 295
41 56
29 65
134 247
134 151
258 275
270 297
209 255
10 32
92 142
49 60
219 252
59 71
16 45
239 259
286 294
267 297
200 285
284 292
9 52
11 47
221 251
229 288
14 44
57 61
105 235
212 226
50 59
197 291
86 178
97 290
202 222
194 208
233 296
290 298
240 285
190 233
94 157
286 293
138 282
216 267
208 248
124 239
55 66
2 57
109 228
156 268
18 27
214 300
186 299
256 278
256 293
165 264
208 220
71 81
243 293
77 197
123 243
142 160
16 75
25 30
196 212
161 230
199 254
271 279
133 155
16 40
268 299
90 164
243 291
90 282
243 280
65 68
240 294
128 143
3 54
106 187
258 299
285 292
269 297
274 283
43 69
139 279
282 293
47 48
99 267
153 232
40 74
235 246
132 184
215 240
137 274
55 74
98 176
161 256
263 270
131 221
237 278
18 70
45 59
21 25
151 256
28 42
43 70
71 130
89 137
183 234
41 73
161 296
243 296
241 298
34 58
52 72
41 52
59 61
215 227
140 289
201 259
229 235
52 60
240 296
160 229
84 103
106 241
288 298
160 293
131 263
42 46
40 48
40 60
85 260
235 295
271 284
210 286
232 258
61 63
86 196
279 290
148 169
50 53
264 293
189 281
281 287
133 144
111 261
127 280
110 274
72 126
115 257
182 255
108 189
280 296
115 269
39 56
68 71
245 257
189 279
129 224
180 280
30 39
243 277
54 63
169 295
255 298
33 73
243 276
215 282
72 117
205 277
176 244
43 46
133 210
160 220
82 257
149 216
122 254
270 286
245 260
209 251
87 288
123 182
31 39
62 64
141 217
141 254
131 168
256 284
195 299
168 212
129 195
113 189
20 59
166 205
44 46
57 62
39 49
140 260
176 269
92 108
255 266
120 177
201 271
202 220
50 56
115 155
102 213
275 285
218 278
218 266
181 225
201 246
251 282
134 266
63 74
154 195
145 191
279 299
147 217
195 290
9 14
180 243
180 205
13 67
267 300
283 289
262 277
74 217
46 53
172 242
200 244
288 300
169 216
123 262
287 297
190 287
118 150
93 251
96 283
196 224
46 71
267 287
254 286
42 59
257 282
83 202
184 215
111 165
171 180
166 290
199 298
137 155
187 260
161 229
215 267
152 188
118 151
239 262
247 286
80 124
161 297
192 238
39 58
192 217
68 70
221 248
267 281
44 67
264 274
138 275
190 254
220 229
84 283
32 44
270 278
10 50
5 65
19 40
101 143
216 271
176 224
10 28
39 57
216 290
67 73
287 299
88 178
24 27
75 165
143 299
224 254
176 242
268 294
36 51
214 256
151 268
132 194
83 136
40 44
155 249
11 43
85 217
101 238
230 284
142 162
270 280
128 141
104 132
103 152
264 275
235 254
174 192
284 299
96 135
39 61
107 206
200 283
9 17
20 30
19 52
232 267
127 232
271 298
225 298
217 267
110 272
84 106
246 296
248 295
112 165
69 73
20 32
142 152
280 293
65 66
217 257
65 67
125 213
148 219
188 260
46 49
14 15
51 71
207 258
66 70
14 22
42 48
188 241
196 213
230 252
240 283
177 211
120 169
258 264
270 299
216 243
254 263
160 214
19 67
194 221
280 298
167 188
23 25
218 292
45 71
40 49
139 228
22 66
225 279
146 201
43 57
42 71
175 220
80 119
118 172
280 288
215 300
232 249
94 184
217 259
89 179
150 163
252 264
67 69
263 276
71 210
75 113
127 261
176 285
116 219
54 60
70 75
7 45
104 251
187 253
151 166
176 276
195 291
73 232
198 230
276 295
175 216
77 102
259 297
288 294
57 63
50 54
290 300
235 289
287 298
65 75
108 262
130 225
14 72
114 295
207 293
275 300
201 286
207 226
108 238
193 201
75 279
32 75
70 71
253 292
218 294
31 40
151 239
141 155
80 178
119 129
227 279
217 282
220 283
153 244
130 142
283 295
150 162
80 144
167 266
220 274
223 296
140 206
286 298
208 221
13 42
245 255
263 269
260 282
90 279
6 29
100 124
214 275
160 216
109 285
216 231
20 67
206 276
83 237
157 189
109 277
91 167
82 194
77 271
241 256
3 32
198 283
47 57
59 65
213 228
197 292
85 258
195 273
18 42
254 289
278 298
181 227
282 300
120 296
249 288
92 143
218 242
41 72
123 188
132 210
73 191
192 218
246 299
124 154
59 70
170 292
94 119
39 72
235 280
21 41
288 295
135 244
13 31
255 300
97 228
65 72
44 47
166 192
142 201
276 282
219 254
120 276
281 299
244 281
104 290
152 255
61 66
167 208
220 299
199 206
242 292
77 234
139 294
178 242
212 277
225 273
177 242
21 54
190 203
106 140
181 193
236 258
73 184
213 269
196 258
51 72
261 281
36 40
227 243
281 289
251 283
183 230
270 293
233 285
160 281
129 270
285 299
189 230
186 293
235 293
126 151
175 207
87 200
192 213
255 295
17 28
195 241
252 277
97 179
16 30
34 35
55 71
201 248
