350 1436
99 349
122 216
276 311
225 247
283 331
157 208
12 255
291 339
250 276
215 316
282 334
35 189
12 323
49 117
22 178
313 322
199 321
180 284
117 201
130 226
267 347
31 153
107 339
274 337
164 253
253 282
38 144
119 164
148 211
273 310
109 245
156 301
16 207
32 256
141 240
44 81
147 164
271 346
338 343
108 192
336 340
274 291
313 338
222 332
319 334
182 252
128 250
90 149
159 237
252 313
40 307
128 218
190 312
1 3
218 317
158 289
279 346
114 305
158 175
87 224
343 349
150 192
264 309
251 289
105 283
67 243
328 346
170 350
170 330
224 346
305 320
261 334
306 312
178 259
199 215
270 301
126 288
242 251
102 148
184 251
311 346
251 255
291 335
186 235
337 343
50 113
252 264
128 232
62 186
248 314
156 206
323 350
235 252
53 227
317 341
251 264
160 283
217 345
195 219
4 6
231 273
2 8
73 106
315 326
264 328
300 347
228 343
274 325
274 285
338 350
62 203
78 261
271 282
28 191
236 284
136 181
14 107
167 338
154 266
100 270
51 234
133 228
231 306
211 269
38 169
39 334
273 339
221 322
302 348
85 307
195 202
328 336
227 239
223 348
45 282
189 294
14 350
164 227
75 133
283 303
215 279
243 268
51 323
184 316
110 255
79 245
321 327
39 190
182 259
316 331
125 132
309 332
331 344
3 9
151 287
228 299
149 202
297 316
322 340
235 336
14 108
203 215
290 345
273 327
182 206
329 338
90 126
195 337
290 348
268 331
209 339
96 131
71 287
154 298
196 348
159 302
228 310
211 266
117 323
169 206
321 325
231 340
174 338
183 192
169 211
135 294
33 51
295 342
117 169
206 340
228 350
135 196
182 194
198 223
218 313
270 347
248 338
129 344
56 284
182 254
188 292
60 148
147 239
23 217
287 344
189 288
25 295
102 132
266 338
84 178
65 92
77 219
57 124
148 191
156 350
79 125
240 257
129 258
124 323
79 333
6 7
98 263
170 197
66 191
188 207
81 281
281 308
282 324
162 256
290 302
113 147
215 340
128 181
101 320
113 228
5 9
310 326
163 222
219 293
295 308
184 220
220 282
81 142
229 310
122 165
30 312
121 187
237 273
92 322
29 199
68 257
318 322
215 263
190 196
247 314
285 311
235 266
16 27
50 89
56 213
161 293
117 183
335 347
92 162
57 233
108 223
5 7
35 319
40 248
12 239
128 222
342 349
148 290
281 313
303 307
181 204
56 242
333 350
279 320
85 114
327 335
30 303
266 312
3 7
336 345
77 159
312 345
331 347
240 334
310 319
330 347
220 280
95 279
239 342
155 197
159 273
247 289
119 307
325 343
231 332
276 280
246 344
247 345
147 175
284 327
221 225
74 125
5 8
44 260
54 265
153 207
30 65
270 278
172 248
249 286
281 327
159 189
128 305
262 269
112 223
180 193
282 349
147 289
7 9
224 298
81 96
34 73
96 122
78 163
327 350
111 163
44 68
263 316
37 200
17 27
280 343
64 156
27 55
103 242
302 344
318 323
220 347
136 144
271 289
27 42
190 203
142 266
326 333
107 283
238 312
230 310
111 325
164 258
189 236
19 164
240 244
126 305
311 321
73 350
324 330
170 276
161 231
217 268
83 252
199 324
42 346
124 149
90 169
122 134
119 127
288 350
34 285
63 181
28 40
103 296
232 315
204 349
92 134
243 278
164 207
262 324
90 108
223 230
41 308
25 162
74 262
215 260
91 225
227 324
321 331
206 272
112 177
121 319
301 348
169 271
7 10
335 346
103 150
32 334
24 260
17 157
291 334
117 196
300 341
51 117
99 111
305 324
32 268
107 323
105 265
129 183
300 324
277 317
186 319
106 163
215 232
136 331
4 10
236 249
136 180
158 185
70 170
335 348
243 311
325 330
133 260
335 343
212 307
118 349
297 337
292 317
49 247
68 293
187 214
43 116
248 313
332 337
190 236
106 293
120 269
124 275
328 349
3 11
161 207
297 335
264 336
195 286
324 332
110 139
310 331
33 147
114 224
170 255
220 242
266 340
62 205
195 312
149 242
1 8
314 320
160 290
183 317
317 331
31 274
220 277
160 294
119 318
295 306
297 314
73 236
204 250
47 281
295 326
278 350
164 324
175 335
66 340
80 84
315 321
34 339
243 309
39 280
116 251
115 126
104 345
1 5
88 252
110 170
92 295
312 347
156 253
222 286
82 135
213 305
85 149
206 254
104 185
321 328
298 333
297 302
126 335
54 235
148 268
308 341
51 68
177 205
308 323
109 310
305 319
231 315
178 336
315 338
136 175
85 163
261 343
68 218
98 319
19 335
242 282
78 349
248 281
66 215
122 179
230 250
326 350
13 104
83 323
33 295
231 268
125 333
168 297
310 324
145 167
132 308
50 134
229 236
112 173
234 258
336 347
195 291
247 283
93 169
146 230
11 264
108 308
110 200
327 338
220 319
111 160
217 298
312 328
308 343
39 255
290 329
323 341
97 176
155 180
271 343
26 348
96 241
277 322
22 74
38 79
26 39
161 210
249 329
121 264
273 332
138 190
243 287
48 79
91 306
3 4
14 82
306 344
260 296
305 321
123 260
22 40
226 284
227 281
175 332
306 342
288 338
224 341
218 292
252 284
7 11
58 123
151 349
83 232
240 266
228 284
342 350
149 306
191 276
239 279
174 335
249 319
66 285
58 158
334 347
9 11
70 180
281 324
252 288
203 307
273 290
274 310
202 257
339 347
101 284
78 236
1 9
317 328
205 328
182 235
33 285
12 135
206 331
136 313
76 187
106 156
30 322
71 255
145 297
311 332
104 304
113 282
273 311
283 346
314 328
259 338
291 344
318 331
311 324
26 148
265 319
250 329
103 174
141 151
126 202
182 231
227 311
208 319
118 327
235 340
322 337
153 209
166 342
88 171
99 282
156 291
272 283
113 166
205 252
318 341
275 303
239 339
217 297
272 314
68 134
158 184
161 169
294 305
332 350
191 281
63 75
223 274
122 128
242 341
303 310
157 278
170 346
220 236
223 339
66 228
96 240
149 313
290 336
282 305
66 183
313 334
130 179
223 337
214 232
314 350
276 291
328 348
51 83
246 262
134 140
160 299
300 319
244 250
49 234
189 260
70 110
150 259
195 232
120 203
317 329
144 189
210 259
108 180
343 348
339 350
202 223
31 239
179 245
28 325
83 246
82 285
271 278
196 345
277 303
245 333
165 318
175 237
113 319
31 282
239 336
190 294
65 221
143 250
147 328
133 176
168 266
313 319
161 247
17 203
247 309
25 113
114 145
46 250
279 341
129 213
14 160
177 250
190 256
163 198
173 244
69 81
44 139
223 296
44 197
231 261
232 281
71 327
338 342
270 348
109 147
117 241
334 338
83 341
284 349
175 233
193 320
94 297
291 333
64 140
308 348
276 281
18 199
320 344
212 308
99 230
218 230
19 269
326 338
120 172
143 180
159 216
278 326
159 325
104 247
19 79
1 12
19 183
5 11
130 207
311 328
29 312
311 350
147 313
177 338
27 207
268 333
97 182
84 286
269 286
124 328
32 202
178 207
316 329
104 110
339 343
313 349
240 343
116 347
55 230
8 12
204 229
325 339
175 259
155 258
202 278
42 305
299 345
220 322
221 244
90 268
209 300
50 301
145 225
107 312
255 303
158 262
1 10
39 295
223 291
301 340
325 335
274 307
27 132
293 327
180 337
43 58
192 249
123 173
173 273
17 171
264 334
52 139
316 324
93 321
78 114
265 349
314 339
63 263
119 234
151 185
177 214
92 105
255 305
134 176
93 145
302 311
180 232
130 296
88 317
81 146
198 283
14 224
341 349
257 302
248 349
36 338
296 328
316 343
148 178
68 93
73 83
187 326
148 223
97 194
33 309
296 315
25 301
318 329
164 254
177 308
300 330
110 317
103 271
139 258
286 342
163 286
162 173
73 237
252 335
269 281
21 310
113 117
305 311
301 322
108 130
197 303
292 350
323 329
101 298
84 270
103 287
177 241
230 343
54 195
342 346
36 207
329 335
86 247
201 305
165 211
264 284
5 10
215 271
102 264
276 317
118 270
74 321
81 294
10 206
250 284
251 287
202 336
158 217
4 7
59 112
240 301
216 331
4 5
178 203
224 238
77 172
49 66
165 229
198 210
22 250
207 317
325 340
34 87
149 269
226 291
180 338
282 318
162 270
156 275
285 329
49 344
332 336
342 348
240 253
33 111
131 276
11 53
151 174
297 310
77 147
293 325
293 347
85 305
258 270
202 266
235 283
244 321
37 319
104 329
258 280
207 247
301 329
338 347
264 294
243 252
289 306
73 315
14 171
59 131
66 174
145 345
150 339
337 344
297 321
54 198
288 323
137 266
134 258
62 88
253 331
124 291
129 166
167 219
137 281
313 329
98 341
80 214
211 291
315 319
288 299
336 348
90 111
119 339
163 301
134 315
72 291
43 240
340 344
333 340
161 290
323 332
50 85
12 310
250 318
248 320
106 348
51 273
221 260
152 229
189 345
209 314
293 337
276 298
224 247
28 333
123 256
237 323
272 303
20 31
233 312
315 320
326 341
252 294
328 344
185 284
33 171
320 340
328 334
88 258
81 107
104 201
47 311
16 148
41 192
164 216
251 313
116 202
18 257
310 329
329 348
136 336
105 130
83 199
334 350
267 315
92 249
244 269
85 185
137 157
315 335
154 161
27 63
229 293
314 334
26 215
302 336
62 170
106 135
87 347
331 343
23 114
92 245
334 342
74 238
339 348
277 335
310 322
328 339
163 210
260 286
145 196
273 342
244 264
253 273
35 264
327 349
128 202
297 320
235 341
232 240
198 203
104 314
177 254
248 334
169 179
124 228
17 317
94 283
312 340
253 348
158 255
281 347
250 298
325 348
306 331
74 272
191 339
169 283
98 149
318 339
16 35
198 245
306 316
122 201
261 307
7 12
77 263
18 290
332 347
260 273
85 207
325 342
311 331
95 295
324 338
71 306
78 287
20 260
50 170
211 285
324 333
71 175
2 12
264 312
110 153
196 253
158 323
94 205
114 142
14 80
141 208
35 187
59 83
254 268
113 161
77 177
6 12
242 340
24 206
195 223
285 332
226 322
70 257
160 200
277 327
254 280
163 290
61 253
105 160
141 175
134 271
165 228
253 323
200 301
97 127
323 333
40 178
322 339
165 293
281 306
227 244
229 296
82 205
212 228
279 304
276 316
190 254
35 234
258 342
247 293
27 69
42 184
92 226
314 346
262 288
277 329
340 346
111 131
169 330
186 288
30 178
81 220
5 6
143 309
303 329
147 268
71 113
128 308
243 303
227 233
126 190
323 339
304 348
11 94
73 279
271 338
165 203
39 221
302 347
44 315
211 301
256 289
192 296
157 250
227 319
95 199
241 284
162 305
191 315
80 204
194 270
66 348
62 195
191 336
97 108
46 100
199 224
283 321
163 215
77 184
314 326
18 248
32 233
19 83
79 118
123 257
130 188
31 83
89 283
279 328
23 322
274 283
188 230
8 11
126 266
335 342
1 11
325 349
222 231
53 211
136 249
284 312
148 222
326 330
235 316
192 334
312 329
70 218
143 172
70 105
312 325
149 165
246 261
328 343
149 244
80 118
202 217
23 216
35 269
327 347
323 346
88 173
103 283
48 63
333 343
302 322
239 263
9 12
191 294
93 323
225 290
109 337
269 318
282 295
258 266
131 136
30 71
85 89
95 217
281 302
19 345
23 318
114 241
287 341
124 306
285 301
165 232
127 246
94 181
308 328
11 249
137 273
307 339
122 193
295 309
99 255
97 185
167 328
8 10
229 312
299 327
269 276
247 313
56 97
244 350
332 345
207 282
48 86
268 272
90 106
250 296
311 319
236 346
339 345
78 126
157 214
176 202
196 297
171 220
99 271
133 187
192 233
225 264
15 313
270 285
250 313
214 229
282 302
225 265
103 201
50 250
333 339
22 318
332 338
100 167
133 303
175 202
48 93
142 345
63 342
300 340
248 322
250 346
266 310
63 348
94 219
305 333
241 322
169 277
156 224
167 208
276 320
112 247
326 342
189 298
222 229
308 312
167 187
279 288
334 341
25 128
255 301
232 306
81 165
107 269
253 350
26 212
244 265
42 149
39 124
332 341
315 322
322 348
134 233
29 195
106 205
11 32
190 222
174 244
282 306
293 300
84 133
179 295
216 346
175 209
12 203
186 233
150 285
314 327
61 94
26 340
37 260
59 246
210 269
234 346
179 237
215 266
95 347
148 205
132 161
88 208
163 323
296 303
149 289
225 289
243 314
335 344
18 116
140 256
252 283
32 208
246 329
300 315
100 111
271 297
242 257
54 58
264 277
150 317
230 300
30 255
3 10
216 288
111 245
284 303
147 249
221 248
162 229
3 12
340 347
135 350
168 308
68 299
242 329
57 254
192 281
279 289
305 343
288 304
