400 1730
113 128
174 219
226 362
3 41
23 82
352 368
219 325
201 376
148 239
135 292
26 74
9 82
52 97
131 383
93 99
332 385
159 245
298 385
332 391
146 313
81 88
270 368
381 399
83 85
113 117
96 113
302 367
46 61
147 259
204 211
81 124
133 228
248 331
359 382
302 343
304 358
182 260
258 386
19 51
184 270
6 81
305 368
366 373
152 330
261 339
154 241
196 287
294 336
362 379
192 334
22 82
61 112
29 103
122 127
196 317
362 372
179 239
229 361
176 229
37 76
27 62
210 353
81 108
227 233
69 123
241 346
174 182
135 280
296 320
57 67
263 282
182 332
224 352
368 377
303 332
335 380
30 106
66 97
274 294
75 91
267 328
237 322
125 205
163 206
202 312
363 388
90 116
331 352
159 289
64 97
125 278
365 396
265 365
20 52
89 119
380 394
60 97
357 365
273 298
60 124
45 94
295 343
28 126
358 368
298 307
10 112
49 116
385 398
215 283
215 239
148 354
334 343
267 330
333 354
33 113
48 94
208 320
219 397
282 317
283 332
223 346
49 114
115 120
223 246
19 100
235 366
311 336
347 381
333 372
245 318
181 380
336 369
77 99
90 114
225 345
253 274
41 69
232 357
28 42
20 44
143 313
76 98
145 162
39 82
291 359
83 114
12 75
382 400
244 392
173 292
239 304
93 120
156 361
109 114
203 253
6 54
382 392
16 18
8 88
363 373
247 277
128 167
216 373
260 373
103 125
242 291
75 106
340 372
95 96
202 396
104 124
93 122
24 29
268 302
164 352
240 306
169 213
131 224
115 122
223 297
24 80
145 205
197 215
135 295
294 326
317 349
204 297
115 126
268 325
5 110
387 398
230 349
261 337
18 83
68 112
343 361
47 58
305 347
114 119
9 37
390 398
366 388
148 330
143 347
128 389
158 248
2 59
183 247
257 382
147 153
277 394
356 389
391 399
356 377
240 312
390 397
355 380
350 365
101 116
151 195
207 250
103 112
61 123
307 386
81 121
121 123
227 308
77 104
285 397
95 109
131 293
322 334
280 342
107 126
264 290
3 21
208 374
154 231
304 392
154 350
81 98
216 312
20 91
272 355
106 125
82 110
382 389
298 359
93 94
326 397
291 397
3 8
341 363
382 393
244 340
112 129
256 396
152 203
59 111
304 348
263 350
296 378
174 261
194 286
139 245
346 353
34 53
63 78
43 86
103 117
18 64
46 121
68 84
222 238
288 341
170 287
126 188
178 283
370 386
204 247
87 129
171 252
157 190
111 124
325 387
257 291
312 325
303 334
299 339
254 298
350 380
147 276
342 390
273 326
356 367
246 389
351 360
286 374
184 259
75 76
24 94
257 329
30 96
235 274
355 387
116 123
123 126
141 160
305 399
150 292
114 116
79 102
154 235
118 122
54 111
313 364
145 337
219 377
248 377
10 115
310 360
87 125
10 65
357 370
219 315
331 359
191 277
112 124
81 114
34 90
388 399
25 56
27 85
322 347
76 108
295 348
49 127
49 54
20 35
223 262
322 380
103 129
280 301
99 128
246 346
24 115
107 113
177 210
163 349
83 106
389 397
282 359
137 224
20 39
137 212
355 365
330 372
110 113
84 128
27 50
381 397
301 319
325 340
381 396
282 390
201 392
39 101
18 116
355 394
37 48
32 38
134 233
374 383
280 361
50 100
126 227
1 98
207 389
344 372
325 370
170 276
367 390
360 381
369 378
143 183
331 390
366 398
347 363
210 386
205 350
318 349
99 115
40 80
300 340
176 308
279 329
137 206
342 381
197 259
43 75
52 77
3 65
155 261
280 368
207 236
169 228
268 354
330 351
223 313
199 283
217 369
275 379
5 8
342 351
189 338
370 397
295 306
224 319
159 170
388 394
343 350
251 269
127 357
140 252
296 335
108 117
153 260
368 392
334 379
335 393
282 368
145 158
184 192
257 309
157 340
128 270
357 388
169 389
76 89
204 252
73 84
161 328
360 372
251 357
245 349
153 211
161 243
165 175
82 106
222 320
225 258
256 375
118 125
316 335
303 351
217 229
216 374
312 352
369 380
154 228
157 294
107 128
150 181
184 384
268 376
210 398
163 247
126 286
153 165
47 73
325 332
355 378
368 381
226 284
291 385
238 347
165 248
169 290
78 87
47 113
391 400
39 112
199 310
240 339
78 110
229 358
313 365
70 101
200 228
307 390
51 88
168 277
195 272
193 381
102 105
200 298
363 389
370 395
251 300
255 345
139 157
363 390
365 384
143 151
357 391
209 389
186 331
108 113
263 346
104 105
231 276
141 275
368 399
173 239
322 330
36 88
349 355
217 293
216 330
218 388
84 127
308 349
262 306
328 385
350 375
107 127
151 270
77 98
115 124
106 120
254 289
368 384
314 351
4 32
80 115
68 113
16 107
278 306
161 198
196 314
84 90
138 183
130 323
202 324
161 190
98 126
109 123
365 381
268 293
133 291
386 397
223 256
258 268
141 235
171 243
331 381
322 360
4 83
298 365
305 352
121 124
70 121
193 277
369 384
108 129
382 388
185 366
212 381
251 262
45 69
33 68
161 316
358 372
54 62
217 278
252 314
19 65
211 323
353 390
293 331
303 355
39 61
76 119
288 340
205 256
242 323
274 362
205 337
379 395
144 199
360 371
382 395
116 117
89 120
94 115
280 385
164 399
21 38
287 315
302 340
262 327
334 360
200 302
274 369
316 327
50 127
105 117
360 392
181 263
69 108
263 326
75 109
329 345
2 106
330 365
180 322
389 400
59 123
335 381
367 376
184 314
334 387
357 387
295 398
45 51
364 373
9 121
377 385
364 394
9 118
60 76
147 235
304 353
350 379
170 255
90 110
306 370
145 287
23 52
364 398
27 80
271 305
215 279
104 116
237 259
68 69
124 126
364 395
239 372
20 102
61 79
106 126
107 118
112 116
313 357
141 150
20 76
319 340
262 321
131 373
30 55
101 122
381 387
27 129
12 53
329 362
31 97
125 221
147 298
137 280
44 61
207 352
187 245
344 391
205 377
246 267
59 119
207 309
89 95
105 112
281 318
107 119
311 325
350 399
364 375
285 370
271 306
318 397
213 394
83 103
26 110
254 376
230 317
75 126
198 206
271 343
244 373
207 391
104 127
88 129
198 284
258 264
354 365
316 340
324 373
180 345
260 272
251 348
1 77
245 347
374 394
208 368
370 389
281 331
104 117
164 397
311 335
311 373
257 349
316 345
85 95
102 125
224 337
37 101
334 362
192 351
40 75
224 240
185 343
4 73
257 392
87 101
148 185
34 59
105 107
261 267
141 208
195 318
153 345
70 111
349 395
223 339
311 395
9 83
59 93
87 112
122 125
104 113
122 129
290 314
40 116
61 75
44 45
52 127
307 327
261 349
349 394
134 325
327 347
115 123
366 386
279 325
113 115
319 329
232 369
14 92
58 60
304 397
40 56
370 393
57 102
259 368
194 384
25 126
204 285
316 365
272 285
102 128
113 116
132 314
110 115
312 333
341 356
135 291
23 93
227 269
238 349
121 125
279 337
239 363
356 397
271 303
284 315
352 382
111 112
21 25
164 381
87 126
41 62
172 362
22 66
207 232
194 340
125 381
247 340
39 55
127 319
77 121
194 309
298 390
22 112
220 392
164 297
187 286
356 383
352 381
202 277
85 106
89 115
152 259
79 104
254 265
119 122
190 226
51 93
274 359
165 207
93 101
263 393
44 77
45 124
68 119
38 93
181 237
245 253
102 120
243 354
231 292
217 288
336 360
144 214
65 112
60 78
147 165
187 276
276 394
144 269
88 123
71 91
43 117
13 24
308 328
262 269
258 371
110 119
129 289
324 364
266 310
373 381
273 392
101 108
254 342
85 87
247 303
77 91
12 36
166 230
355 398
251 387
55 107
178 322
45 116
131 334
245 264
231 378
113 124
267 357
2 87
364 396
205 385
257 344
245 374
70 99
230 332
18 37
195 269
93 103
111 114
137 235
13 87
89 108
127 194
168 210
345 372
109 119
183 294
239 246
72 115
375 385
60 106
352 399
70 120
72 109
52 84
145 332
44 65
334 377
336 379
187 333
382 397
93 100
191 317
363 378
227 295
293 325
338 363
66 110
231 323
330 381
349 376
262 276
384 399
52 96
33 67
188 209
317 363
195 388
260 295
224 345
173 271
214 391
349 362
30 99
95 112
196 233
13 43
194 250
33 75
182 379
98 105
76 115
250 370
111 127
52 104
195 218
153 327
92 116
366 393
26 75
19 72
365 375
23 78
98 109
201 290
293 368
365 395
2 68
111 117
92 93
354 382
37 40
367 383
200 274
183 354
222 395
161 318
200 229
202 289
348 389
69 93
26 41
379 394
130 233
177 260
315 337
255 370
255 336
85 116
166 355
253 388
347 371
278 368
367 377
238 278
112 118
57 115
287 321
175 274
285 308
65 75
330 374
346 366
105 120
233 364
85 112
214 324
135 298
36 47
357 398
196 294
137 352
180 383
339 396
192 253
127 252
311 349
32 66
203 297
100 109
218 291
238 296
183 219
370 380
154 338
282 358
110 112
83 99
41 70
268 379
338 375
380 387
230 238
113 129
270 360
339 380
14 64
98 124
245 351
37 54
240 311
287 393
354 384
314 358
162 215
194 331
152 228
61 127
17 112
349 361
340 390
200 297
98 101
127 299
332 380
41 56
26 93
162 362
191 373
100 116
160 170
120 126
17 55
226 250
280 292
295 314
145 190
101 124
304 332
260 293
313 326
332 363
351 364
254 328
47 77
150 225
248 386
179 236
305 365
159 184
279 386
246 284
266 383
58 111
227 337
287 397
300 314
278 400
24 112
269 323
289 301
84 125
174 313
335 353
133 213
18 42
386 392
216 332
226 256
305 346
309 400
225 298
200 370
312 331
135 306
358 366
51 100
174 301
294 348
95 113
128 163
167 257
295 304
255 389
12 56
141 258
226 247
311 381
106 121
2 64
231 368
56 105
337 377
274 335
342 382
366 387
210 374
122 126
7 111
131 242
362 378
210 359
244 287
32 40
241 354
1 96
368 379
363 400
87 110
349 366
152 205
45 70
129 177
243 300
288 383
203 262
273 327
71 103
191 198
240 360
118 123
261 299
298 343
356 395
358 392
122 123
127 377
150 321
165 326
255 279
369 396
303 383
216 232
337 356
117 128
291 400
164 254
26 50
94 103
138 177
196 344
90 93
231 333
342 363
168 397
344 376
76 77
43 63
203 264
246 321
49 112
161 204
95 103
72 122
199 368
137 290
171 386
154 222
5 34
305 351
229 319
327 349
203 360
332 384
92 102
221 255
270 286
369 399
381 393
228 371
123 124
12 101
250 390
350 370
241 360
227 347
163 353
202 302
282 336
328 351
46 66
182 267
145 193
241 265
334 381
352 380
101 105
191 304
224 261
204 242
274 297
108 120
323 381
186 329
192 292
297 327
98 112
153 218
126 261
227 370
266 288
378 398
285 350
285 380
115 128
314 335
303 316
74 92
11 116
368 395
161 373
277 377
98 114
35 69
295 339
283 377
9 45
19 117
270 393
149 178
313 333
382 396
37 59
143 352
211 271
365 379
72 125
210 233
136 218
32 71
314 381
5 64
154 194
91 96
60 81
285 334
40 109
184 261
98 106
67 99
105 106
333 399
48 101
305 313
127 314
266 377
116 118
331 340
16 114
351 371
371 394
388 396
49 123
159 187
90 111
177 222
262 345
18 72
15 77
50 128
33 86
379 388
82 109
32 113
45 113
292 301
173 309
339 350
1 47
316 346
34 122
383 396
28 54
190 393
147 258
254 297
230 386
219 255
103 123
77 80
320 391
41 115
10 80
390 400
4 77
324 380
58 64
326 344
57 106
129 378
101 129
114 126
204 277
223 295
90 122
288 326
3 86
116 122
206 360
249 301
196 364
131 185
155 310
111 125
298 319
31 111
65 102
74 112
21 107
201 297
304 343
90 129
287 371
337 351
143 177
321 345
366 372
101 120
215 349
260 268
250 335
43 74
275 319
331 384
246 371
44 54
112 127
6 61
293 361
97 102
299 365
237 344
255 262
240 247
358 367
283 305
358 374
209 378
111 118
222 270
23 102
152 349
324 347
174 303
2 81
200 356
391 398
70 82
198 263
250 385
142 353
89 98
138 345
125 235
319 353
171 334
266 341
329 360
30 65
115 116
310 350
280 384
70 84
289 390
33 47
168 310
104 110
215 225
59 112
365 391
138 251
184 206
128 246
361 390
76 88
105 114
351 380
292 337
322 399
138 197
57 88
123 127
229 285
216 386
192 345
142 285
239 362
42 101
81 129
66 80
199 396
280 387
170 303
1 123
90 118
356 368
276 355
376 399
239 353
137 337
139 158
211 311
337 372
53 103
271 307
47 93
241 264
159 384
117 129
62 99
31 41
19 107
307 348
68 74
144 238
240 327
139 207
150 211
181 212
65 85
298 344
332 352
86 119
240 250
144 351
121 122
249 316
53 89
28 44
86 128
203 353
96 128
144 264
255 392
142 216
18 48
49 77
265 378
263 349
379 387
167 268
157 252
389 398
350 378
54 101
46 70
163 242
258 373
33 128
111 123
215 258
23 104
210 267
238 274
351 358
60 68
330 382
358 377
71 74
139 152
257 305
268 315
354 379
144 317
140 345
105 109
85 122
325 397
57 61
300 353
117 126
367 374
125 137
19 43
337 382
203 379
24 121
355 389
314 329
126 301
337 381
133 348
234 332
226 234
284 365
73 116
109 118
165 231
333 342
375 394
28 71
26 28
52 128
43 48
316 374
278 322
133 354
41 91
378 386
285 395
269 378
274 332
355 393
18 30
255 369
170 202
138 266
44 73
171 317
166 196
241 277
123 125
348 372
214 277
10 18
113 126
271 354
288 399
176 397
334 354
131 343
51 70
44 69
93 125
5 35
215 260
367 375
204 225
275 311
315 394
96 102
64 125
67 127
182 190
51 105
185 326
57 60
27 103
181 377
198 352
291 361
10 21
201 334
251 289
50 96
45 85
335 367
167 371
7 103
199 289
372 388
220 260
143 252
286 383
284 325
208 257
373 390
17 75
288 300
387 395
65 111
71 98
95 116
112 114
109 129
222 344
337 394
28 61
210 216
164 244
95 123
123 128
366 400
377 391
253 264
330 394
107 121
187 369
143 321
10 50
55 98
194 341
216 249
224 286
299 306
102 106
314 384
58 126
162 195
344 381
336 343
184 328
183 286
163 398
266 329
266 294
253 372
50 74
30 81
307 336
157 364
139 271
288 398
385 393
80 93
372 387
339 358
345 358
134 378
110 124
311 340
180 217
75 111
260 277
268 331
316 386
192 275
106 108
47 103
308 315
239 280
59 68
324 336
195 333
127 301
80 103
236 329
117 119
219 281
390 399
205 373
44 68
180 268
368 390
310 376
185 309
163 220
308 324
283 296
292 382
365 377
104 129
293 349
31 90
244 335
122 128
367 378
380 390
374 387
163 318
312 340
266 282
108 115
68 116
146 186
329 398
38 103
335 343
7 77
224 281
194 245
259 379
219 275
306 369
295 400
215 364
19 39
227 365
157 187
42 120
165 358
351 363
88 122
180 236
211 237
144 230
165 311
138 377
129 156
380 386
370 379
102 122
25 111
177 224
341 350
126 203
325 367
337 361
139 251
97 125
30 41
333 383
124 129
222 380
244 334
130 227
283 350
358 370
68 93
244 372
260 305
134 331
77 110
165 394
314 373
177 223
76 113
350 371
28 95
231 385
101 103
