450 1994
416 436
325 348
166 187
14 261
292 322
34 311
53 168
283 349
202 331
64 189
8 200
266 334
12 359
28 157
269 345
259 310
437 448
365 413
383 432
313 344
266 315
123 170
434 448
325 350
283 286
73 230
252 320
6 122
205 241
95 340
213 326
157 195
92 157
97 218
26 219
182 239
367 392
385 419
159 276
253 335
342 343
157 287
314 324
176 341
170 173
71 100
221 323
53 99
260 345
181 223
169 243
266 274
438 449
96 216
139 163
62 96
5 346
50 274
376 392
381 436
4 142
433 440
385 434
418 428
310 351
309 344
37 190
244 340
13 74
350 354
282 303
27 321
178 216
253 316
318 353
339 354
102 317
107 189
79 236
64 105
180 231
351 361
213 292
158 347
314 358
13 234
92 205
114 356
220 356
350 351
39 157
108 267
357 363
316 318
299 302
196 198
207 212
183 271
118 121
351 358
46 127
106 218
294 323
427 443
388 410
170 183
251 277
70 126
256 313
337 360
239 329
382 423
239 298
167 208
31 337
328 348
384 436
127 220
304 342
333 345
247 269
245 247
8 250
217 297
310 343
327 341
173 273
88 132
389 424
43 75
255 365
153 289
41 233
405 442
173 180
148 191
37 75
21 34
78 151
195 211
397 424
307 327
339 355
1 265
45 128
120 357
226 260
65 110
436 443
92 116
429 440
155 182
146 149
10 249
140 267
129 301
212 360
390 410
75 116
258 341
377 419
31 277
126 225
163 354
326 336
290 305
13 122
118 312
388 415
298 317
430 442
317 342
73 335
308 347
381 427
361 435
80 352
184 214
379 390
313 356
336 349
420 449
151 292
224 245
163 248
25 196
250 258
421 442
24 98
141 346
338 351
263 314
423 441
121 356
144 183
272 276
424 432
389 405
46 131
407 414
222 251
123 230
66 252
438 446
233 332
382 416
311 325
103 151
341 349
118 357
146 313
268 297
348 351
339 345
173 179
377 410
382 402
275 278
230 249
87 112
163 249
169 341
61 233
13 272
61 204
321 329
315 353
155 293
412 440
280 312
272 292
183 267
195 284
152 284
358 363
276 294
186 312
131 225
111 218
8 119
351 352
157 217
275 360
353 356
320 341
285 328
402 449
106 245
110 189
325 333
84 345
188 196
245 350
348 355
207 288
42 105
339 344
275 309
315 334
256 326
225 299
212 271
43 139
142 232
344 356
133 324
148 215
57 85
381 401
419 431
58 72
236 261
184 208
117 260
64 111
200 268
315 337
293 299
183 260
62 220
125 310
169 274
437 450
158 205
319 348
374 383
302 311
203 344
185 260
262 271
426 435
321 343
92 262
77 345
95 215
373 444
404 438
22 29
329 332
279 323
434 442
310 345
192 213
421 428
88 248
347 360
438 450
422 441
263 340
133 330
232 359
192 230
22 253
4 306
37 321
108 128
186 298
326 349
321 359
111 327
73 145
373 399
115 288
18 225
196 209
157 333
294 299
168 174
273 316
149 264
47 184
143 190
98 329
195 245
11 100
360 385
223 251
311 344
407 428
424 439
297 305
143 351
293 361
29 197
56 184
207 319
319 339
121 180
105 111
84 362
236 304
189 238
232 300
253 332
226 364
110 295
398 447
3 148
390 413
64 314
261 294
172 236
343 362
195 266
411 429
412 433
321 353
145 318
118 361
179 336
146 361
193 275
114 130
399 425
135 152
198 279
263 353
21 295
214 303
33 206
389 430
287 296
60 198
110 177
103 136
132 149
229 313
254 280
50 190
26 127
136 137
428 435
91 330
200 311
319 322
239 248
375 415
273 311
344 348
140 348
109 228
78 127
366 447
69 70
418 435
106 348
416 449
281 314
346 365
81 166
371 445
29 77
210 246
356 363
204 337
61 145
36 74
100 342
90 262
3 322
239 344
81 291
294 360
217 289
11 199
278 305
125 249
375 440
119 306
144 250
290 311
140 333
202 327
304 344
412 448
268 303
273 287
184 196
60 71
7 139
406 448
417 424
6 198
41 100
186 192
100 257
263 273
109 126
248 327
14 303
161 189
198 216
120 165
114 294
206 293
431 449
413 423
288 339
376 409
201 364
175 189
435 449
434 447
368 388
334 347
27 196
242 326
288 289
343 354
226 327
401 437
362 409
426 440
26 320
366 409
327 362
135 353
431 441
71 127
403 415
110 127
346 356
53 209
167 338
207 331
230 232
350 353
306 319
132 199
30 161
143 149
204 302
240 361
256 308
149 212
1 247
224 289
53 189
308 337
410 425
54 63
76 205
384 397
423 444
322 351
431 447
319 350
391 434
346 359
220 348
181 190
151 246
268 277
123 196
25 316
141 281
295 353
278 365
102 196
348 350
388 447
333 341
356 364
111 345
135 166
80 217
149 258
44 317
381 450
152 230
40 329
25 39
338 345
177 207
394 439
133 136
151 281
211 258
77 281
337 340
282 338
301 312
329 338
314 322
112 172
356 357
155 298
4 252
56 303
432 447
175 275
382 445
365 399
173 178
5 234
361 414
372 419
292 356
60 287
255 356
140 242
255 353
434 444
180 336
327 344
239 299
389 447
164 262
344 365
121 286
168 289
257 298
47 205
299 346
83 274
187 256
348 354
386 420
233 346
412 432
436 445
31 343
99 332
172 308
69 115
323 324
123 340
421 449
31 47
181 272
72 92
276 316
107 203
211 263
156 270
320 362
341 347
78 103
226 251
415 441
248 280
179 359
74 95
6 317
185 336
438 445
230 302
265 329
322 349
95 291
17 204
102 211
12 343
260 273
109 155
326 331
112 353
224 266
249 341
39 274
87 225
90 257
409 424
251 317
90 228
132 300
332 343
81 293
55 83
18 328
273 301
168 323
400 425
371 425
425 444
263 267
136 281
320 339
397 444
210 261
164 328
130 212
176 331
245 326
285 317
344 361
304 327
94 181
83 221
80 182
234 306
130 202
411 438
13 283
130 135
420 433
327 363
148 272
57 89
345 363
171 252
151 153
178 307
192 247
22 122
367 408
26 347
38 55
119 155
148 356
256 323
359 364
135 314
45 109
125 261
55 136
228 347
3 201
253 276
197 254
165 181
205 324
194 364
394 435
57 257
426 447
303 312
434 449
111 303
423 437
159 263
391 448
32 93
388 430
191 198
46 145
180 191
44 313
131 178
311 312
52 165
387 427
244 344
160 335
124 253
52 356
397 429
222 240
137 248
80 202
49 284
235 356
171 250
53 108
391 398
320 350
304 334
164 300
429 448
66 188
82 164
138 244
250 278
276 315
205 225
232 240
87 243
429 445
35 182
254 351
413 444
116 125
234 257
153 314
313 358
230 235
310 358
3 305
113 135
398 436
356 361
48 359
92 318
295 365
274 361
39 68
205 231
168 316
203 232
61 158
229 356
271 349
48 67
198 305
382 450
385 445
361 436
305 354
146 181
387 414
132 202
220 277
179 288
54 100
156 306
170 291
200 252
224 296
52 358
30 308
73 248
426 439
179 186
216 327
137 194
2 228
353 365
309 335
301 341
381 398
175 195
410 422
183 310
338 350
361 399
99 176
159 165
162 266
227 326
336 339
395 411
346 361
150 268
2 355
379 438
319 338
284 297
316 332
42 143
66 318
378 397
61 195
398 440
39 363
324 359
277 316
385 429
151 257
273 320
228 350
49 170
85 360
256 302
172 197
427 448
111 117
274 358
87 300
255 354
344 350
311 352
10 264
406 415
217 334
164 198
272 296
323 348
113 214
208 265
146 306
239 332
436 444
46 53
392 424
372 412
363 445
98 126
289 320
42 264
79 136
173 289
7 151
182 202
395 418
55 327
134 302
123 321
431 443
321 365
149 294
22 228
94 325
278 291
404 437
327 340
190 312
19 188
300 343
247 252
424 449
107 242
14 70
232 342
381 405
198 307
307 362
272 286
100 351
233 353
246 254
242 277
195 319
67 256
185 271
72 351
398 437
64 164
100 227
208 218
372 407
183 215
14 312
371 415
355 362
132 349
189 214
228 335
260 261
424 442
168 342
29 127
164 305
398 410
125 357
226 280
309 318
368 437
415 444
199 324
328 341
213 225
127 277
408 415
97 290
61 320
317 321
81 102
168 224
33 271
148 174
434 446
413 426
323 354
297 319
19 289
204 342
346 358
82 85
388 432
178 287
33 130
318 343
207 310
345 347
74 195
196 353
43 196
279 295
234 238
300 308
97 284
368 390
274 364
274 287
281 305
257 356
207 268
346 353
358 361
151 252
404 441
371 393
17 206
191 300
195 259
351 356
185 257
19 139
300 318
253 267
436 448
274 351
24 217
126 193
58 125
53 127
31 53
336 337
118 238
220 323
31 313
246 251
184 241
152 290
224 271
92 357
191 239
186 263
318 332
418 436
282 291
371 413
389 400
313 328
30 315
106 364
339 352
144 179
102 165
304 318
9 101
133 297
383 436
93 296
211 302
254 314
56 104
205 278
213 284
357 359
106 251
197 347
68 206
205 345
384 441
252 340
54 217
11 336
370 442
174 204
364 376
410 432
219 258
114 324
418 427
326 340
179 201
410 447
29 335
99 132
55 360
192 222
245 329
172 286
309 334
40 77
191 344
249 334
408 423
377 415
291 349
263 326
419 426
365 404
232 306
165 335
195 287
159 248
195 294
347 357
74 355
218 282
236 352
313 349
1 118
378 391
9 134
29 154
109 257
144 315
281 325
377 420
275 333
270 329
144 337
247 349
84 365
425 438
143 174
2 165
395 417
100 356
246 303
123 307
57 124
10 66
23 277
309 360
277 291
136 272
176 296
133 153
293 308
76 254
349 351
13 214
409 439
144 178
163 198
219 313
382 408
282 335
13 342
25 63
336 355
211 303
100 329
326 360
251 343
66 320
396 417
260 265
129 173
21 87
87 92
403 426
173 316
46 187
141 339
420 448
419 441
79 299
245 306
71 183
94 108
103 230
94 289
371 427
121 357
276 281
77 123
127 146
57 176
234 290
229 275
393 444
50 183
300 359
409 425
82 87
284 315
258 260
363 446
240 354
348 362
166 179
376 417
113 287
166 242
306 317
163 244
426 446
265 304
169 188
186 330
151 255
77 223
221 288
57 172
132 223
301 346
202 223
417 447
387 412
289 361
289 306
14 118
296 334
137 138
419 433
193 233
370 430
127 364
306 314
315 347
422 450
274 343
172 351
97 116
12 288
371 441
157 201
173 174
287 355
405 426
211 222
319 332
318 365
372 393
183 229
395 422
384 401
302 339
46 253
110 182
52 291
254 311
96 192
249 285
428 449
109 129
272 359
337 347
98 114
186 343
295 331
70 244
300 361
110 226
243 336
324 349
24 76
320 359
120 224
321 327
420 437
96 116
90 116
135 211
189 296
372 403
54 253
40 309
385 420
7 347
37 163
362 389
99 159
331 334
412 450
343 348
301 343
344 346
424 435
210 291
261 341
135 142
130 161
89 239
22 111
376 448
167 296
23 339
387 431
247 305
3 28
252 315
420 430
149 178
110 264
246 335
90 224
212 308
156 273
345 365
365 405
39 134
379 389
378 398
397 407
101 192
364 406
230 247
295 320
25 333
217 296
7 181
276 336
115 255
96 167
159 325
401 419
295 337
396 414
104 345
36 159
247 251
48 156
229 337
137 255
170 251
275 334
314 323
377 407
37 248
255 312
120 269
101 352
300 314
106 332
74 125
208 223
417 437
329 352
229 314
211 275
204 258
329 336
151 355
353 354
242 342
390 424
427 438
176 359
16 266
112 349
242 356
69 274
400 449
343 344
288 290
265 289
266 284
24 259
388 397
271 291
149 225
166 194
299 362
103 267
79 265
178 181
208 291
181 308
87 328
380 402
45 121
250 267
60 304
297 342
259 290
349 363
119 307
35 114
35 120
306 316
117 308
298 357
404 422
402 445
7 173
187 331
81 185
420 429
411 443
426 443
249 364
66 336
89 266
203 332
412 429
17 23
411 435
189 363
189 203
232 279
88 270
133 216
224 234
63 217
424 447
222 307
365 403
37 158
300 306
341 363
324 332
29 90
366 440
176 322
269 348
251 305
218 328
12 37
378 396
81 204
31 234
36 171
241 281
309 342
245 248
41 65
296 301
72 310
357 362
16 180
338 354
142 202
230 288
352 355
159 243
221 224
56 129
166 226
64 332
125 212
150 167
128 316
20 322
290 324
374 443
77 276
26 273
290 347
282 290
182 320
311 342
24 265
74 121
181 341
366 403
175 226
96 149
390 419
141 242
180 210
221 233
379 387
131 279
341 351
14 242
229 286
148 161
339 343
93 258
254 276
114 328
169 305
118 208
153 174
96 342
288 336
54 354
436 450
284 288
362 420
172 347
296 314
102 122
372 426
86 112
189 247
259 324
29 349
273 353
164 295
47 53
307 343
176 313
104 153
412 449
7 90
163 330
38 88
184 365
102 259
420 445
164 248
99 316
423 433
42 94
112 115
50 316
40 173
10 289
182 335
109 253
59 278
205 342
81 165
389 407
245 361
52 238
336 363
381 441
141 208
129 266
10 96
370 409
232 326
79 256
297 323
39 334
247 293
379 445
296 315
381 421
123 157
268 356
256 293
90 250
141 345
120 274
368 432
306 358
172 331
353 362
114 129
402 424
192 315
272 329
290 307
108 175
288 313
28 224
282 365
66 74
70 87
286 363
436 449
396 404
173 347
354 357
246 293
326 346
356 359
341 359
379 419
127 321
320 343
391 403
271 316
253 355
369 379
362 431
78 234
100 285
141 306
74 155
299 343
125 296
215 311
386 430
307 345
14 304
198 335
197 243
198 300
122 355
268 300
236 258
420 439
19 251
264 352
390 439
140 157
426 450
26 130
254 325
378 422
208 256
269 336
408 421
280 365
15 328
192 293
236 320
283 353
432 442
361 442
98 191
284 325
334 346
52 250
342 358
395 407
1 162
3 326
27 109
153 161
343 350
248 251
97 339
363 389
204 262
116 301
88 279
126 301
344 352
425 447
390 438
254 355
180 293
280 302
144 282
181 224
409 417
77 365
48 337
329 357
142 206
131 149
338 344
48 274
92 339
262 324
233 250
121 344
405 425
293 330
411 421
258 305
258 364
169 344
7 339
438 447
94 310
103 265
273 275
191 216
53 101
363 436
2 246
196 200
318 325
27 106
378 431
404 416
218 358
320 327
387 421
343 357
377 393
301 350
238 353
23 25
324 330
127 159
227 297
246 336
335 345
191 320
258 262
231 294
189 191
321 339
227 235
324 357
82 113
159 274
108 329
295 325
409 421
44 195
46 60
64 148
55 206
434 441
424 437
143 363
269 294
330 355
46 165
324 353
9 188
255 348
310 323
255 361
152 316
97 313
19 279
425 433
397 422
346 354
311 317
141 221
201 350
384 398
413 438
275 311
390 449
74 225
246 311
272 293
217 311
268 360
58 252
274 333
1 169
237 357
115 260
209 284
44 229
413 431
26 259
78 121
356 365
24 39
42 165
360 443
385 440
412 443
430 443
10 357
135 351
3 89
208 362
268 289
368 402
281 365
254 303
284 332
89 126
419 448
339 358
56 75
2 169
391 414
15 31
429 443
351 357
51 275
389 397
9 229
268 321
77 134
320 354
306 355
23 179
275 299
364 393
20 362
362 417
191 332
62 216
153 336
293 348
4 293
116 218
18 247
243 253
115 332
237 339
429 447
120 225
25 274
341 358
207 241
327 364
213 268
11 290
340 341
316 333
322 330
50 70
13 194
101 346
74 124
346 360
215 363
101 181
52 357
41 92
234 246
38 238
411 431
394 447
301 339
348 359
327 338
20 40
194 308
264 348
163 356
24 336
330 338
238 272
430 445
80 331
226 240
226 363
7 66
403 443
385 398
357 364
150 234
83 106
165 276
150 309
55 285
108 152
417 446
149 188
119 217
367 425
99 206
365 428
64 205
410 440
367 440
256 279
390 433
217 333
361 421
17 167
311 332
292 311
275 327
310 365
196 229
401 444
43 346
280 287
184 338
42 235
44 212
20 171
296 328
99 244
35 336
201 346
348 353
301 319
182 347
154 242
83 207
347 364
62 215
121 324
434 443
319 327
315 336
39 77
77 196
329 364
314 325
427 440
285 303
250 349
278 336
92 252
224 248
32 131
119 299
52 191
429 442
426 445
62 312
176 215
172 192
168 346
207 357
398 421
36 225
224 251
131 212
400 409
353 355
181 317
413 448
189 358
132 335
414 449
255 332
20 39
78 212
353 357
82 260
230 289
32 113
371 437
44 318
290 306
319 349
169 212
50 159
148 234
233 292
276 328
144 215
126 146
201 253
91 364
198 204
403 442
281 324
166 275
211 237
20 41
296 357
243 274
378 390
372 443
402 425
32 348
423 443
1 329
80 319
411 448
402 423
83 220
410 441
165 190
410 438
48 356
210 323
323 334
290 362
244 279
38 361
143 189
153 236
362 397
182 324
308 351
147 340
56 246
413 435
56 159
175 332
153 240
112 215
100 284
419 442
237 324
245 360
411 423
350 361
57 62
362 407
32 138
404 427
267 316
356 358
428 436
102 204
56 257
432 444
316 341
201 215
198 312
109 357
293 298
293 322
253 294
167 330
266 279
300 356
339 359
327 360
3 251
42 147
139 311
239 321
324 351
93 128
84 255
119 274
302 341
368 442
182 298
400 422
342 360
152 273
366 386
357 358
30 339
366 442
352 356
404 417
164 303
187 299
413 422
43 365
27 286
326 352
109 151
431 446
236 268
405 443
118 290
2 185
395 434
247 355
400 442
335 355
299 355
112 199
272 277
304 339
369 433
20 234
81 268
103 342
342 362
304 320
335 347
425 445
42 289
230 364
94 158
191 225
394 423
72 299
55 133
438 448
146 334
312 352
87 294
17 316
133 355
50 249
317 350
40 108
104 349
33 298
114 258
259 318
377 434
403 428
82 141
306 351
158 181
27 30
149 292
44 108
333 335
377 424
211 284
182 216
113 196
26 217
410 433
260 269
