300 2336
181 237
86 165
284 297
287 293
242 266
194 287
22 219
201 259
38 84
163 263
108 277
79 166
35 217
103 209
285 296
214 233
149 289
166 287
175 224
11 112
130 289
243 259
288 292
41 85
192 200
168 265
198 200
236 261
83 107
266 299
89 261
78 177
130 196
283 298
106 238
221 255
38 205
243 296
174 288
39 177
48 131
55 215
213 238
259 262
173 240
134 161
125 165
247 268
45 210
259 291
128 294
9 112
26 86
288 295
262 269
67 295
37 233
167 225
65 78
58 182
136 283
83 194
158 220
204 222
28 202
38 111
171 255
7 179
133 159
75 125
122 137
112 260
114 142
144 220
88 211
83 241
162 211
119 233
9 96
283 295
250 287
120 249
22 277
83 141
269 278
267 300
155 297
264 280
201 257
227 230
138 149
278 296
30 187
93 200
138 234
170 234
14 71
220 230
208 240
155 196
219 272
282 287
267 293
285 293
199 210
167 297
43 248
45 242
9 30
237 263
55 252
288 300
279 296
76 299
182 198
230 276
52 66
136 232
82 110
31 197
156 175
212 250
203 251
144 230
44 276
55 61
62 206
216 235
183 201
272 290
229 273
285 287
73 195
251 278
278 284
54 106
82 193
72 162
258 265
34 160
125 248
188 212
36 158
159 226
51 285
16 45
210 300
76 158
9 131
13 126
12 266
127 146
289 299
21 69
175 233
237 289
262 291
279 288
117 239
45 214
89 212
228 269
122 246
94 106
7 101
87 113
243 299
166 271
141 225
110 209
229 271
231 275
169 178
122 236
129 233
131 238
274 278
123 198
167 171
5 116
90 137
204 263
144 170
118 287
3 226
53 115
103 193
19 210
287 294
242 252
47 142
58 63
41 280
252 273
43 270
35 253
174 290
58 61
58 290
210 269
66 284
23 52
234 261
169 214
35 109
23 174
52 169
287 300
207 245
259 287
4 23
82 192
237 300
12 169
233 294
42 106
253 297
102 163
211 290
84 181
232 245
268 299
44 289
171 245
283 286
244 294
187 207
259 286
144 179
105 116
187 248
101 167
39 75
145 242
228 241
135 235
91 271
175 242
53 71
61 79
17 228
217 253
216 220
188 189
90 163
44 143
40 290
133 173
191 257
29 31
35 48
228 249
219 236
168 264
193 221
202 219
110 202
46 127
57 142
11 249
160 182
209 298
202 223
180 221
70 272
48 214
286 297
165 171
50 283
229 239
216 252
287 299
226 237
17 147
146 292
2 33
117 194
139 228
228 273
277 290
254 256
44 60
65 142
154 286
273 290
2 143
272 285
91 191
206 249
113 265
75 282
38 45
85 126
84 283
285 286
291 300
4 231
211 212
126 137
284 289
178 223
156 201
102 258
177 279
212 274
114 213
291 295
149 276
28 151
148 150
118 257
171 280
100 256
271 297
58 90
137 299
262 266
146 188
48 69
121 168
225 228
162 171
259 261
221 242
122 135
234 269
228 275
7 267
249 256
21 106
150 263
213 279
21 277
174 229
57 201
186 199
225 288
254 274
170 243
14 104
129 139
221 283
70 240
55 150
111 275
28 40
1 129
96 126
61 216
73 296
228 294
165 202
25 99
31 189
57 122
186 242
261 275
244 253
211 282
164 216
148 183
24 234
187 268
259 278
268 272
251 295
33 138
172 274
22 210
224 273
140 206
123 157
2 122
31 81
93 245
199 276
278 288
121 157
277 292
259 270
8 113
270 287
115 213
70 170
255 298
2 188
186 294
82 84
268 295
114 222
234 285
274 296
50 184
51 123
191 261
67 175
272 279
135 185
261 272
20 225
216 274
189 260
225 294
167 181
272 286
80 298
137 142
29 267
144 195
224 259
116 250
6 168
113 152
205 244
42 211
201 285
235 279
85 293
76 90
85 168
78 298
248 277
200 202
280 293
116 235
226 289
257 277
247 292
277 295
27 242
273 293
173 197
29 293
5 104
140 173
290 300
166 259
76 121
143 194
71 221
276 293
18 49
91 178
43 260
127 144
112 179
186 250
187 275
46 242
264 267
177 216
192 263
275 294
99 255
112 213
105 300
270 288
195 226
163 228
117 179
160 289
2 103
174 240
54 177
231 255
177 270
109 230
257 263
167 206
196 269
173 268
146 159
69 267
239 286
234 241
34 184
146 210
129 287
242 254
185 280
56 214
204 257
93 241
18 60
260 279
56 159
176 221
11 183
138 190
242 289
214 249
59 158
205 284
125 132
202 216
114 220
37 209
29 171
187 258
224 289
187 274
153 261
291 298
260 291
171 210
253 289
69 184
250 266
183 221
195 204
132 218
209 242
118 292
153 211
193 233
215 238
267 275
26 67
121 164
230 252
20 50
152 255
113 239
145 280
182 235
88 181
140 171
104 274
126 184
94 154
184 234
136 257
50 81
131 288
289 292
180 272
222 239
50 126
35 229
102 193
190 226
222 286
71 257
223 260
291 299
73 192
149 266
135 274
63 193
102 174
170 291
57 164
24 203
105 156
239 254
187 240
168 296
127 193
153 263
10 145
264 274
281 290
159 179
147 287
229 272
237 247
177 229
18 198
62 69
171 173
16 50
52 284
168 209
171 235
261 281
159 240
99 293
291 293
221 263
71 211
227 285
253 295
172 300
179 279
116 166
123 219
18 272
141 252
126 246
163 232
91 155
246 286
60 97
67 121
89 264
142 284
235 300
91 115
206 250
85 175
155 286
51 161
66 163
114 212
107 189
267 281
117 198
8 233
266 280
282 288
271 274
179 220
176 219
261 262
204 270
265 268
81 232
77 163
31 225
206 244
10 196
98 293
250 263
154 201
138 176
134 158
236 291
91 290
49 267
208 238
282 289
118 179
51 88
131 161
52 216
186 278
165 250
152 241
252 255
1 59
117 252
31 221
273 294
15 92
174 283
230 253
68 137
89 271
168 237
124 159
220 270
158 161
122 268
63 159
233 299
96 214
114 136
278 286
256 280
145 182
5 21
32 36
151 272
256 288
246 264
25 177
255 273
195 206
241 284
280 289
67 128
107 276
110 170
122 263
167 267
255 294
186 205
2 65
284 299
174 247
92 291
113 128
107 209
25 149
59 72
137 195
213 219
101 106
206 261
75 244
73 145
224 237
130 140
292 296
56 273
266 274
17 144
208 235
206 220
147 262
65 153
15 217
4 234
10 244
68 100
121 258
286 296
69 77
217 244
207 280
216 269
106 288
208 291
135 142
212 290
190 255
160 163
176 289
270 275
101 115
230 280
32 39
152 161
162 256
171 225
33 93
161 297
156 162
40 215
94 162
186 266
170 175
285 291
190 250
16 283
86 201
120 192
215 285
245 265
218 297
163 229
230 293
194 229
172 227
97 181
223 227
158 299
266 270
57 129
54 75
6 281
26 49
136 252
83 287
233 296
188 291
23 147
117 220
224 227
164 186
102 173
178 240
74 119
79 98
123 135
225 231
238 249
88 100
135 155
67 232
119 182
100 156
23 26
91 179
54 269
12 126
129 299
163 293
246 290
242 281
222 237
181 235
218 290
276 278
178 296
15 97
289 297
95 253
15 227
136 159
244 289
191 270
256 281
65 293
251 299
68 155
266 285
265 288
286 299
26 269
185 262
63 163
263 279
137 207
128 246
90 161
278 283
217 224
146 204
94 213
105 218
160 261
199 235
284 285
43 142
77 136
176 253
170 189
200 220
158 295
280 281
223 272
1 194
3 283
192 197
128 287
241 291
289 293
184 294
283 288
169 238
190 298
204 249
17 161
92 167
114 259
161 289
130 210
108 134
9 292
210 276
165 286
127 266
172 281
183 197
271 279
62 203
75 201
200 264
49 287
25 297
220 229
249 267
33 263
190 288
64 258
32 146
19 51
19 226
28 186
96 101
125 240
125 129
190 291
133 277
275 293
12 204
240 262
292 295
198 205
54 288
88 250
239 277
18 159
172 211
212 240
184 258
211 234
88 263
100 176
195 223
65 263
198 216
194 246
132 286
9 12
152 267
8 9
6 274
7 118
201 252
52 300
195 295
264 282
161 288
215 278
128 211
91 180
24 93
124 239
16 113
210 230
5 50
31 270
173 233
288 297
101 234
20 174
79 196
283 296
228 266
209 279
239 296
131 241
273 285
5 181
104 145
30 127
127 264
214 223
214 225
225 242
64 255
148 285
260 274
269 270
35 190
248 272
108 143
212 252
286 292
83 211
50 144
84 266
276 280
237 248
8 182
280 284
252 264
79 293
64 222
182 209
139 239
123 232
48 93
55 171
233 249
260 273
207 208
13 163
103 128
60 63
76 134
271 288
216 226
284 287
273 276
285 295
208 274
6 212
291 292
175 191
263 296
79 151
287 295
164 203
34 60
164 276
153 214
255 290
88 286
9 102
145 183
253 271
271 284
111 155
111 183
37 86
125 210
3 35
147 224
137 183
115 167
29 38
143 247
261 280
86 161
133 226
217 240
184 199
109 201
49 286
155 283
132 290
220 257
24 169
233 285
115 146
62 147
241 286
258 267
290 299
95 142
191 208
244 267
256 285
15 206
92 130
273 292
267 290
188 217
215 270
151 210
38 197
184 236
89 234
11 166
147 150
191 276
17 42
146 194
167 247
173 226
288 294
24 92
269 295
194 269
84 168
194 219
6 76
170 195
286 290
14 111
233 240
177 222
162 231
81 184
35 280
159 266
252 300
221 268
103 126
136 284
288 291
119 120
278 285
46 234
106 213
42 67
200 234
84 162
128 175
63 224
119 154
111 160
164 272
40 124
275 290
27 262
251 285
77 131
80 292
104 136
127 290
218 289
149 236
66 169
199 227
202 249
262 268
127 298
227 250
69 120
201 299
180 288
44 284
98 284
4 238
28 37
266 269
282 300
264 288
276 299
120 180
20 155
221 266
286 288
157 290
186 279
280 288
143 230
30 64
88 131
99 282
197 242
45 287
48 87
144 216
246 256
268 290
21 227
2 281
275 298
37 97
245 258
100 162
27 110
247 269
94 115
145 257
206 266
225 273
236 285
74 230
236 253
133 135
215 216
247 251
208 271
233 297
1 217
258 284
56 142
87 153
177 250
137 154
163 270
10 64
98 198
203 226
94 270
102 182
188 250
66 282
59 190
13 194
21 152
232 235
4 190
8 42
234 260
111 230
100 113
69 210
252 253
142 163
152 276
156 251
100 137
34 161
105 268
53 104
291 296
143 212
281 282
199 237
134 276
248 291
234 245
274 276
66 78
92 282
93 293
201 261
7 36
22 27
22 242
96 182
197 223
68 284
278 281
38 297
285 290
207 238
280 295
146 207
52 186
180 214
217 261
116 288
157 176
256 258
232 281
229 284
42 171
123 217
205 213
210 242
229 293
239 271
51 122
40 78
140 154
181 258
268 294
95 130
253 292
274 280
81 266
267 271
45 300
240 257
111 167
118 276
122 250
43 228
76 141
130 189
39 138
147 278
158 297
17 69
69 91
166 212
82 233
18 28
153 246
265 276
290 293
240 300
256 287
90 176
236 238
207 293
84 91
47 247
185 218
173 264
82 106
238 264
106 135
184 202
49 257
257 300
129 278
57 74
77 155
1 60
235 282
97 236
103 203
73 137
281 300
210 278
108 274
225 282
238 246
125 146
93 218
169 200
151 276
198 296
109 289
122 204
4 113
1 203
226 295
250 277
211 239
191 288
74 86
53 103
257 291
44 80
106 127
123 221
36 203
277 279
124 182
253 259
220 226
112 229
90 129
28 228
36 237
87 288
79 134
3 207
150 292
102 104
118 279
1 221
146 267
275 281
141 199
132 235
10 274
249 296
133 287
252 289
270 285
178 179
228 291
76 168
7 243
107 177
59 269
165 281
231 243
242 292
209 253
100 135
135 266
142 279
246 258
265 278
85 180
204 230
244 252
240 242
66 151
56 152
170 233
290 295
148 187
108 185
60 234
148 177
81 205
235 267
269 289
272 283
85 113
100 186
62 132
72 238
34 107
154 289
138 181
287 297
248 282
249 268
74 175
98 212
134 196
274 295
226 265
147 232
179 281
38 49
143 289
3 63
154 282
279 281
162 298
73 108
245 254
68 89
222 255
286 294
36 180
22 143
27 284
279 298
13 77
46 175
141 207
4 107
66 275
246 300
34 202
159 236
281 295
247 283
259 267
10 290
39 176
115 283
260 292
213 297
109 224
44 234
130 153
192 239
51 300
201 290
51 293
245 282
254 273
26 122
284 288
198 223
170 300
189 192
207 224
233 286
276 288
71 191
33 69
15 70
157 160
48 141
156 273
246 266
288 293
151 156
184 185
231 300
250 284
5 215
189 279
231 294
185 295
119 234
160 162
198 221
112 168
125 142
138 146
74 110
203 220
203 216
157 263
124 276
110 245
29 240
188 287
232 258
240 286
254 259
168 217
68 121
44 101
32 115
227 264
239 246
61 117
103 202
56 97
282 285
77 190
275 287
56 284
250 254
202 268
270 290
95 236
289 296
59 136
37 138
258 282
175 271
92 135
87 114
169 252
50 159
212 277
292 298
169 234
272 295
81 256
106 250
11 286
86 279
7 30
78 223
263 264
154 236
258 292
178 234
54 209
89 150
150 193
110 206
192 285
107 211
42 98
189 285
124 247
246 284
174 203
30 135
86 273
71 170
156 280
60 238
56 120
141 203
101 254
126 243
164 241
8 226
74 262
109 111
137 199
32 83
193 276
169 174
214 226
99 249
196 203
87 160
32 49
150 219
139 206
220 262
19 103
14 244
60 253
255 296
87 154
75 287
270 289
68 297
240 265
47 63
113 135
15 234
152 222
282 290
188 260
243 297
46 123
141 231
234 256
95 287
183 246
126 206
197 236
85 194
80 176
153 284
75 122
269 299
116 170
200 280
43 115
99 150
97 243
60 159
81 221
285 297
23 181
81 220
23 235
24 172
118 249
235 266
195 260
251 266
196 288
217 226
154 174
14 182
97 149
255 283
27 70
48 216
80 166
132 186
212 230
235 261
40 212
134 159
141 234
16 257
143 260
241 274
89 160
11 241
150 199
287 292
95 263
142 271
282 297
148 287
41 168
248 292
218 287
38 168
31 187
111 187
110 196
12 240
70 106
97 176
119 140
55 67
121 288
160 298
97 198
9 241
168 292
147 231
273 289
264 266
49 67
179 289
258 261
183 230
165 279
212 286
289 295
139 170
265 294
187 290
231 285
84 232
245 296
208 281
46 119
281 298
236 264
61 88
271 298
92 238
157 256
105 208
67 244
277 289
204 209
113 269
197 240
78 185
58 242
64 94
217 266
190 210
289 300
14 250
198 300
136 141
210 261
73 135
274 282
28 42
135 284
57 127
112 148
31 175
171 208
163 244
140 180
54 83
166 269
139 158
75 258
82 226
183 289
142 216
39 211
224 300
29 261
16 198
180 290
42 238
105 254
40 211
48 285
120 169
144 200
13 206
179 213
145 198
237 270
267 278
136 263
245 278
120 152
238 276
257 288
208 214
175 226
284 298
94 181
276 279
79 199
99 221
194 216
10 143
70 263
132 166
180 195
5 227
247 286
50 277
120 271
229 253
258 289
192 261
88 213
131 269
274 298
190 198
106 192
149 251
277 280
182 188
55 153
156 177
26 144
108 288
179 295
262 289
59 100
23 227
8 137
61 153
244 292
26 28
111 193
96 256
128 284
15 146
116 180
219 247
126 264
60 153
254 290
46 221
80 118
61 142
53 169
152 244
131 197
99 148
98 267
101 292
219 263
223 293
156 215
132 277
279 289
204 223
161 219
80 129
94 199
108 233
34 78
72 178
78 163
193 244
25 229
80 228
237 279
240 267
283 291
65 228
27 164
282 284
238 267
237 253
154 274
264 299
181 215
184 204
24 217
30 133
121 279
175 232
222 244
247 287
89 154
177 290
218 227
182 223
271 291
167 287
213 274
189 202
232 237
278 289
40 142
216 224
165 182
260 262
211 218
25 119
256 282
69 71
185 223
292 294
196 242
47 205
249 262
115 260
40 153
279 291
34 175
277 278
104 236
161 189
58 95
47 163
251 254
198 258
64 277
211 235
239 293
272 277
292 300
12 107
134 281
225 235
271 300
234 297
238 272
251 267
191 207
134 194
83 136
6 241
281 285
95 133
176 184
73 124
142 156
27 50
272 296
241 260
86 158
35 258
232 291
193 297
32 96
14 77
131 222
65 264
161 261
158 162
249 276
37 170
200 208
114 295
193 232
169 222
63 149
6 258
41 136
32 276
115 253
42 180
189 224
90 115
53 98
145 174
151 166
129 205
33 294
206 280
220 221
262 280
213 248
153 189
219 297
222 246
185 248
207 263
18 188
120 280
140 211
72 239
57 116
41 253
20 80
86 199
63 116
270 271
283 289
157 262
166 255
116 131
27 60
189 198
203 267
262 267
151 165
104 195
96 197
161 278
182 234
279 280
50 128
192 270
230 299
70 84
127 294
257 273
223 236
47 87
244 298
181 273
53 226
4 256
46 72
55 159
134 278
130 285
253 287
192 211
213 284
104 166
78 266
290 294
140 226
155 269
70 256
124 194
176 272
105 219
235 247
181 246
90 266
181 275
20 102
139 141
242 267
129 163
254 264
178 208
268 293
155 212
30 139
39 123
266 278
37 256
45 70
245 299
172 272
248 280
109 149
241 247
109 222
197 264
292 299
194 236
72 114
16 227
201 205
196 286
250 257
149 172
164 188
19 243
261 266
263 265
21 291
128 167
236 276
155 278
148 254
52 273
123 260
185 261
182 213
116 117
16 99
155 225
205 249
202 257
182 206
61 215
17 70
250 297
140 244
247 275
195 266
223 258
45 279
230 251
101 158
29 291
119 155
202 234
243 277
183 297
248 295
142 230
243 256
165 185
173 262
193 213
71 280
95 109
193 281
185 294
41 154
19 292
229 259
90 262
121 287
129 201
33 60
142 249
76 170
124 292
195 218
67 192
141 233
159 257
11 80
36 175
223 230
39 52
150 295
63 209
77 288
226 243
149 168
255 288
265 269
75 90
224 268
283 290
126 185
227 289
235 264
196 250
115 242
74 235
215 240
253 267
241 259
64 114
64 158
281 288
209 239
164 275
215 271
257 270
180 250
199 240
85 127
244 277
260 298
112 294
274 292
24 96
243 291
65 210
159 175
264 297
49 187
78 124
83 282
222 262
143 272
109 265
245 291
172 182
277 285
119 156
77 175
181 191
209 223
98 264
22 57
6 174
19 238
290 291
199 296
133 266
12 77
53 89
276 292
202 231
189 269
3 248
220 276
11 193
41 121
49 200
263 270
86 115
92 103
227 269
203 224
172 255
101 114
249 278
166 180
98 170
17 67
222 260
213 291
82 186
157 202
70 225
62 92
243 290
194 272
18 173
275 276
7 245
71 189
58 155
104 185
97 102
191 274
288 296
110 219
79 274
145 267
254 269
59 170
106 231
71 139
67 285
135 141
242 245
77 239
218 267
151 187
69 162
30 141
62 292
273 291
217 259
14 110
161 178
218 228
33 240
43 290
176 248
30 259
26 65
179 200
286 293
33 55
96 266
290 297
107 297
227 233
287 291
115 221
63 111
93 94
179 255
13 264
118 189
252 298
180 269
162 300
158 293
22 167
20 192
209 250
196 287
124 218
41 59
74 187
132 285
2 240
252 272
221 272
219 240
137 191
265 281
281 291
10 106
209 278
269 286
23 206
268 281
139 292
59 245
138 235
231 276
36 191
290 292
110 213
93 221
52 225
43 94
203 253
159 272
158 250
236 242
117 145
248 270
112 125
151 275
157 203
289 294
128 138
219 222
280 297
214 239
263 277
257 295
54 217
47 267
21 24
196 271
269 284
162 280
262 282
178 197
211 283
291 297
37 262
216 240
64 245
104 129
1 288
205 253
138 208
66 174
268 282
149 260
60 212
28 131
223 259
80 183
25 94
260 280
107 262
92 106
261 279
81 251
61 94
226 280
276 291
239 268
200 294
12 252
87 136
205 226
99 106
144 256
175 257
203 213
197 246
113 120
8 293
240 248
197 225
162 268
102 197
68 209
150 280
238 295
3 159
207 276
13 17
87 197
205 225
238 291
152 216
72 166
93 274
160 250
199 238
183 245
188 239
214 231
230 265
120 295
174 270
214 265
292 293
249 264
263 276
103 186
263 294
36 256
219 287
197 201
97 145
72 160
98 112
173 261
200 242
275 295
21 229
205 212
215 288
131 228
154 172
72 173
284 294
139 287
42 300
103 141
221 252
51 172
279 284
121 270
227 257
78 164
224 234
254 295
210 213
126 160
178 265
20 46
117 170
160 265
177 299
241 266
292 297
147 210
143 163
168 231
13 68
255 257
265 271
25 76
36 222
267 297
166 198
45 69
148 258
84 216
232 250
226 290
251 265
113 208
206 247
261 290
218 219
232 287
176 225
39 242
108 115
96 277
47 251
256 277
226 260
270 298
269 298
133 292
130 226
231 271
19 36
280 296
107 160
163 195
266 268
258 296
3 49
153 221
5 59
49 289
62 281
150 283
