500 3411
472 483
484 497
330 346
448 487
79 102
64 246
101 142
387 460
278 307
268 328
384 499
404 472
312 349
425 460
111 230
396 435
36 187
337 338
324 345
461 494
336 339
56 86
387 425
103 338
131 182
204 207
101 337
340 354
423 457
322 333
340 348
386 414
416 430
474 495
175 309
94 189
345 351
453 500
445 472
86 126
117 168
258 295
300 337
16 240
115 260
129 327
316 353
430 451
461 496
295 321
450 459
437 456
457 468
484 500
10 110
287 306
149 250
339 349
305 335
393 415
401 495
402 473
313 353
302 303
244 268
482 493
60 299
326 352
88 161
33 301
170 172
208 310
135 314
131 327
202 331
107 254
80 222
157 205
268 288
374 398
78 149
304 308
133 165
435 481
243 347
191 277
265 346
443 484
223 337
143 200
301 313
277 356
390 491
156 310
314 331
179 268
360 414
148 309
42 252
484 498
17 126
381 483
17 156
315 349
65 264
156 179
323 343
47 99
46 50
422 472
429 448
89 230
471 487
442 485
33 107
135 290
119 254
172 261
323 340
227 324
1 130
269 303
389 460
55 318
160 300
293 311
392 491
459 488
326 343
359 457
292 321
236 298
320 327
155 328
192 283
405 457
320 324
460 470
235 307
397 429
95 147
438 452
251 351
408 440
209 332
343 354
390 428
155 230
337 347
347 348
302 335
29 109
201 230
250 278
373 409
370 410
395 469
13 338
128 197
226 356
376 410
464 500
112 186
245 302
414 498
402 461
124 345
121 143
189 275
79 152
344 355
474 498
397 418
288 336
472 492
372 463
37 61
25 225
39 55
466 499
359 500
282 355
40 273
169 216
364 494
241 307
254 354
195 200
421 472
102 198
214 278
410 462
433 486
100 257
384 413
330 340
341 344
318 342
266 273
403 452
419 485
358 458
266 300
151 287
69 110
335 351
38 56
247 343
31 197
341 352
153 182
215 300
451 486
85 158
308 312
459 493
55 273
440 500
69 304
213 316
234 281
460 473
477 495
12 315
309 333
342 349
460 491
478 499
178 179
132 137
472 481
415 432
18 40
244 245
479 500
434 493
69 109
174 182
32 63
64 155
130 313
30 251
362 456
234 244
331 356
187 252
203 301
97 295
57 341
263 341
448 496
379 406
98 146
422 453
408 429
113 316
386 411
164 259
397 459
9 354
383 423
15 235
360 457
401 475
177 315
215 256
337 348
300 325
279 324
352 466
251 319
147 342
139 283
210 328
62 66
96 258
393 490
224 262
475 489
264 285
185 216
456 485
210 325
406 481
193 273
186 248
278 303
303 341
379 428
198 279
286 350
93 246
410 480
135 143
3 174
220 300
260 289
44 220
221 306
480 499
17 73
165 257
479 493
132 341
201 258
421 486
126 321
72 203
363 421
184 289
103 276
400 478
186 227
339 340
108 128
114 317
144 353
360 482
282 325
145 259
94 345
72 286
476 493
159 199
276 336
223 270
419 472
240 320
177 224
329 349
109 250
48 348
440 458
356 416
388 432
242 341
43 85
257 266
122 207
430 494
55 301
281 311
375 430
356 439
425 457
429 499
183 331
475 486
424 498
112 241
367 378
311 340
22 172
11 250
128 178
48 215
297 340
112 228
371 462
362 436
63 290
385 476
392 420
243 327
355 458
329 343
20 34
184 284
166 322
18 168
174 223
463 472
231 280
345 356
368 418
6 81
291 338
484 496
149 176
76 107
64 307
146 343
316 356
233 234
338 351
413 427
27 282
127 175
44 282
128 352
310 323
13 287
90 98
412 475
254 328
429 459
165 239
200 257
338 341
392 443
111 149
395 433
402 422
74 217
427 456
270 328
49 264
276 298
220 289
279 303
224 350
429 472
158 339
348 351
69 340
112 140
148 223
423 449
9 331
374 464
238 336
335 344
325 341
381 463
225 306
218 287
232 238
459 492
41 47
196 219
134 346
436 483
25 67
102 246
274 297
482 498
332 353
91 168
46 311
78 100
178 326
263 305
352 500
243 260
278 301
225 238
41 221
127 323
441 450
74 163
245 252
387 454
446 473
466 479
261 343
422 451
334 356
85 271
394 453
27 166
100 157
114 345
161 348
29 319
377 464
481 493
481 490
469 479
464 476
374 457
21 327
141 186
73 264
120 173
350 378
19 149
209 225
97 152
92 121
379 391
19 233
449 496
452 464
164 231
81 348
256 315
208 220
63 87
242 314
473 496
366 422
5 236
355 383
73 159
207 319
459 472
427 437
457 488
288 353
62 134
426 490
372 411
249 320
315 344
83 302
291 302
239 352
170 209
386 481
172 325
58 148
78 223
95 240
211 258
348 355
390 460
215 246
263 330
469 485
315 328
434 494
209 346
142 192
185 235
334 339
404 445
358 494
182 291
99 335
342 350
91 302
327 328
207 244
423 497
89 296
245 276
260 277
447 461
293 319
131 187
153 186
265 304
202 285
249 256
87 311
235 330
466 500
373 405
23 57
80 299
14 160
322 350
314 326
340 341
225 356
131 170
298 348
269 294
341 354
230 236
85 241
73 140
385 485
397 487
139 210
383 477
133 169
99 268
277 289
132 188
432 442
283 284
339 354
479 498
158 348
183 293
471 499
411 477
366 441
382 426
136 172
14 206
346 349
312 347
144 277
382 427
369 490
485 497
76 319
72 96
38 65
90 141
277 288
445 486
433 492
88 329
349 422
331 332
276 288
393 461
397 473
98 277
315 342
407 472
289 303
9 72
462 499
312 326
228 268
156 327
262 328
212 321
389 474
418 450
301 330
402 440
227 264
323 330
448 491
241 265
235 325
5 155
138 316
384 395
151 195
52 231
329 352
62 92
211 338
363 500
408 479
63 331
152 327
126 275
59 136
266 337
465 488
211 307
173 223
480 495
309 347
4 167
478 494
209 254
194 335
362 429
441 482
410 435
68 263
56 62
311 343
425 497
438 448
360 483
378 466
171 190
333 337
146 257
416 498
268 285
198 304
64 179
472 494
452 496
21 93
259 289
288 326
336 340
237 342
291 320
316 326
384 428
299 344
115 224
13 270
23 44
196 213
54 247
333 342
156 238
248 354
403 484
455 473
2 246
118 310
348 353
273 353
144 151
175 179
285 309
396 438
190 255
124 152
7 356
148 220
164 280
444 488
353 458
207 250
292 296
84 148
395 497
208 347
324 346
353 433
105 186
193 319
170 210
167 330
428 448
104 314
15 120
137 286
308 316
47 253
146 353
147 155
467 496
470 483
293 328
12 22
437 448
442 465
116 182
202 273
240 351
255 318
468 493
462 479
161 226
348 350
426 454
334 352
91 134
441 474
299 318
227 309
354 454
99 166
442 472
176 330
445 454
220 225
316 318
414 457
41 293
94 248
9 119
120 325
49 257
146 194
433 460
368 436
411 497
34 85
7 198
74 302
161 209
15 60
28 112
225 244
241 322
273 279
456 493
458 468
23 325
332 352
118 250
451 494
25 243
255 336
30 347
52 90
187 204
32 193
282 326
50 294
105 172
143 282
355 379
170 229
54 263
407 445
418 440
101 327
65 95
411 474
214 222
123 258
174 349
419 470
257 301
16 105
381 449
43 200
406 498
485 498
82 255
181 201
60 239
165 200
201 340
475 500
21 191
377 488
183 269
436 449
439 463
248 310
4 328
359 428
81 285
209 300
143 219
368 405
86 263
410 469
324 331
127 261
351 490
287 292
361 478
49 321
339 341
281 345
383 422
82 287
138 346
290 354
309 334
478 500
50 257
58 183
441 452
218 269
19 47
352 412
208 304
249 250
302 345
86 141
451 474
358 488
196 279
47 192
292 322
209 215
341 351
168 245
6 279
173 244
334 349
479 491
332 349
96 140
385 416
63 348
269 318
21 343
77 174
318 330
474 499
193 241
319 345
377 389
416 458
144 266
113 145
363 376
365 497
289 307
388 456
238 266
485 495
6 39
261 312
228 256
189 261
69 327
188 288
447 489
353 472
174 209
51 306
240 325
336 356
17 104
165 271
246 300
460 472
93 228
480 497
200 324
442 481
181 267
319 327
120 326
203 271
92 101
256 293
96 137
264 339
58 126
363 459
250 337
185 221
294 302
328 356
36 287
57 238
391 464
65 209
39 201
477 490
429 464
481 500
191 241
54 121
222 247
474 484
176 239
299 343
3 142
320 352
331 345
128 152
5 180
465 495
408 454
29 38
13 162
313 314
76 351
465 500
120 347
335 343
434 449
476 496
386 400
49 126
445 474
301 320
248 265
463 500
273 308
258 356
363 425
11 313
330 338
168 204
396 468
364 489
419 444
100 108
436 465
222 233
278 343
26 136
4 180
417 463
207 330
50 272
201 242
202 211
35 185
90 218
45 346
344 349
415 430
332 343
240 274
309 355
467 493
271 289
178 230
62 340
452 488
104 236
320 323
47 182
184 293
455 499
479 495
482 495
37 286
352 424
411 445
96 123
86 144
479 490
319 344
366 470
265 279
231 266
448 475
197 223
78 121
345 348
191 329
285 342
468 491
284 352
119 238
306 313
393 465
154 160
90 328
214 284
292 353
314 319
83 280
323 355
435 491
438 485
241 259
126 144
2 315
19 39
89 105
345 350
263 346
459 481
333 341
232 354
97 272
177 250
34 157
127 145
8 175
446 464
303 332
373 454
335 340
47 303
472 485
406 474
444 462
357 484
380 438
160 196
76 240
440 481
177 226
335 342
175 279
2 43
124 221
441 481
240 323
400 427
167 293
155 322
82 338
229 326
18 53
432 473
314 328
256 342
214 338
480 500
307 341
282 313
116 342
76 131
11 39
258 309
220 342
272 324
155 282
409 452
229 319
210 297
291 325
457 478
59 184
232 293
200 281
373 431
398 465
342 343
377 450
350 389
341 350
149 223
203 270
102 138
455 486
369 420
292 303
338 356
231 332
303 320
399 413
257 337
267 278
431 478
100 324
173 238
218 244
188 351
359 379
194 299
462 475
171 234
477 491
233 342
319 341
432 480
45 263
339 348
149 218
138 175
361 475
27 87
92 140
115 160
272 297
4 250
271 350
29 169
483 496
196 232
428 497
352 473
204 308
64 133
454 488
404 414
361 397
444 494
352 393
158 189
45 159
461 482
30 88
421 489
319 326
412 426
369 450
253 347
213 300
245 282
256 282
75 322
366 456
411 423
119 199
370 428
40 265
107 176
267 314
60 290
28 147
166 337
416 451
327 355
300 319
242 268
81 219
53 108
180 266
145 201
56 248
46 187
311 349
298 354
231 273
59 335
206 296
180 287
334 351
104 271
180 335
244 269
84 152
23 117
27 339
143 292
423 454
297 308
413 453
109 286
163 341
77 322
342 352
292 342
137 214
264 314
376 386
234 354
286 296
141 153
389 452
129 137
35 111
369 485
450 482
430 473
449 461
467 484
92 196
298 352
452 498
72 281
415 484
171 243
82 246
219 256
108 351
56 270
422 485
122 315
325 334
200 234
225 226
49 190
357 413
85 146
34 47
347 352
247 296
73 82
445 468
418 468
481 496
35 274
356 421
160 191
371 424
380 426
376 482
339 343
381 499
52 329
162 228
107 247
51 241
230 261
181 278
307 347
95 339
347 349
180 327
362 496
134 201
316 351
115 185
276 329
115 164
279 314
244 320
169 190
321 329
324 326
144 301
178 244
167 339
386 440
154 285
153 240
359 431
446 471
222 307
460 486
211 226
178 246
271 322
204 319
75 107
304 350
382 488
457 489
251 293
185 266
252 258
240 356
3 249
470 494
186 189
447 499
476 486
161 178
390 431
189 318
152 334
28 140
427 469
433 445
22 270
78 284
344 352
265 306
62 209
206 275
411 465
72 289
437 468
430 492
361 461
330 343
183 282
81 262
182 298
468 480
394 451
23 63
366 414
360 384
1 258
299 319
475 495
191 216
342 345
43 208
315 354
449 495
71 193
453 485
419 493
434 447
103 355
273 325
51 65
232 291
59 78
31 134
140 147
226 314
389 482
301 344
340 349
119 270
159 204
465 474
176 285
43 266
217 222
222 266
293 348
283 342
67 81
191 287
210 240
409 461
395 419
95 194
176 273
140 202
22 184
418 470
77 286
328 350
302 351
205 342
281 330
39 147
375 457
48 317
1 68
156 199
420 431
204 317
391 422
320 328
468 494
105 328
172 345
439 496
321 336
452 485
172 288
243 351
279 315
400 438
259 336
251 253
83 208
462 486
484 495
222 251
137 289
326 330
443 456
408 426
345 353
77 265
37 353
473 493
121 136
262 298
308 338
470 493
315 333
401 438
230 323
412 496
373 459
221 233
71 342
483 493
69 147
31 349
46 325
317 323
13 259
234 263
285 319
435 470
273 356
343 356
457 486
70 336
72 108
320 346
181 226
241 309
51 95
443 455
367 377
173 353
175 311
183 296
466 494
427 443
179 215
68 104
107 306
327 331
39 102
119 207
141 174
30 324
300 317
378 410
107 145
181 196
28 203
244 356
3 93
454 468
295 301
269 341
299 322
293 342
66 70
68 289
31 82
120 258
12 153
197 335
482 492
478 498
354 462
108 336
207 292
469 487
194 195
464 478
190 232
165 298
60 321
95 270
2 106
365 386
38 145
119 344
164 263
392 472
276 356
70 246
103 113
221 317
296 312
254 298
328 339
170 243
279 351
351 417
181 214
406 433
37 48
255 259
347 351
159 241
136 209
332 345
298 338
372 405
235 246
252 275
98 172
61 335
427 479
186 208
193 330
110 197
67 94
223 228
394 476
381 494
268 346
395 449
239 254
361 444
292 293
481 491
139 338
117 279
50 206
236 329
112 232
128 155
113 207
250 325
188 338
153 184
344 356
378 391
420 445
238 318
54 205
310 327
7 159
27 222
36 249
203 286
87 326
59 221
373 465
82 131
165 233
70 275
327 353
40 347
130 241
30 220
12 29
31 347
193 255
221 312
89 312
289 296
430 461
205 349
442 466
64 74
73 89
264 321
361 433
150 238
125 262
367 413
333 346
277 354
241 254
211 306
74 301
398 452
151 299
97 302
336 349
344 345
318 349
246 348
16 119
315 355
14 280
246 354
61 184
354 417
346 348
190 300
307 346
173 231
58 118
324 332
18 200
155 349
354 437
291 335
68 128
246 312
182 353
428 446
394 408
145 352
308 324
330 335
157 171
122 152
260 318
398 424
428 498
88 99
418 448
232 260
10 107
48 113
434 482
272 350
437 472
286 347
369 395
470 481
237 287
450 480
221 255
353 481
325 351
15 111
307 342
467 490
437 465
407 473
91 130
252 349
32 105
248 325
97 349
130 304
117 242
159 330
199 332
38 353
482 499
10 114
402 471
97 243
327 342
247 336
36 164
192 259
307 320
205 341
463 497
188 199
233 235
129 169
242 318
282 329
157 258
218 351
94 163
186 355
323 341
94 266
58 61
475 487
212 214
305 311
404 452
115 292
308 330
433 495
343 352
238 260
135 187
85 249
226 229
213 271
286 351
458 498
90 156
46 199
76 313
139 307
216 242
349 489
431 473
399 485
275 330
101 120
372 446
282 350
187 348
125 302
151 224
2 229
440 490
439 495
61 287
113 320
76 103
30 85
95 181
1 11
278 302
221 353
171 178
368 411
451 476
420 487
1 4
399 496
234 239
216 336
338 345
40 118
193 324
197 231
189 306
65 231
114 320
383 452
475 488
425 495
242 263
405 436
133 278
382 397
127 245
117 350
402 480
244 301
271 292
34 60
118 238
387 489
438 469
289 319
353 362
91 147
272 299
199 355
184 349
46 159
142 214
166 202
413 450
286 333
414 461
287 288
210 322
132 259
136 265
44 111
18 83
400 420
442 464
182 281
469 496
387 439
426 483
204 258
13 163
355 403
275 326
260 312
412 446
365 430
395 472
175 303
247 274
275 302
278 319
23 294
29 43
55 253
288 321
161 336
309 336
252 288
30 81
126 345
145 146
266 340
12 145
166 297
477 498
106 200
159 316
485 500
231 350
96 309
190 266
213 306
425 466
394 471
162 266
105 148
163 296
300 344
309 342
52 56
150 326
223 267
142 310
280 319
222 255
420 482
320 350
220 292
374 437
134 196
256 257
111 203
462 483
96 151
138 210
129 174
414 497
22 309
318 356
406 465
120 151
252 351
223 288
158 297
57 91
384 474
409 496
322 336
134 298
438 453
293 303
109 312
329 336
204 329
157 271
407 423
122 348
199 229
267 337
259 309
477 496
78 126
102 120
158 199
174 225
100 193
312 331
425 481
45 307
159 288
139 189
387 403
75 317
357 373
238 339
147 184
267 332
243 270
266 353
61 318
103 174
252 281
39 130
240 315
157 276
163 218
306 345
114 160
48 273
113 334
83 215
346 352
274 285
122 294
197 347
476 490
154 183
122 182
473 488
322 337
162 242
163 173
424 500
195 276
8 41
161 320
41 261
275 324
123 160
335 356
224 257
303 333
480 498
14 82
317 337
182 317
44 113
192 211
124 127
366 484
34 109
32 125
328 336
171 251
169 314
323 333
223 340
238 311
146 246
39 142
46 328
230 313
389 461
450 463
186 350
212 252
139 322
313 319
267 268
167 170
390 451
303 304
225 340
145 205
44 155
253 288
412 491
89 243
301 355
393 414
318 321
81 226
184 215
35 80
40 90
94 280
262 266
195 225
398 421
55 310
364 490
279 335
245 307
430 485
338 342
179 246
195 281
401 434
365 436
188 223
31 96
235 342
306 307
216 342
368 478
128 169
327 340
152 220
334 355
104 263
321 335
66 247
120 248
209 271
22 98
478 495
328 352
235 270
1 324
160 204
347 354
166 256
20 122
400 419
466 485
60 285
407 499
88 134
41 72
61 64
60 188
186 261
283 340
123 238
364 463
7 97
189 298
92 305
93 251
106 263
198 227
403 432
351 460
20 85
467 481
289 311
146 255
216 227
405 490
21 304
119 276
395 454
287 355
417 481
239 348
135 297
20 209
280 295
368 483
223 328
116 319
172 236
385 475
26 290
82 309
277 320
137 221
130 293
310 311
148 258
241 314
327 346
257 321
12 282
98 308
71 205
464 473
203 263
431 463
180 257
481 498
28 86
413 426
224 286
149 193
112 129
24 99
326 341
239 353
171 313
44 319
54 213
409 482
333 356
336 353
214 264
152 219
111 229
297 338
128 261
371 402
448 485
125 173
317 345
274 317
62 140
35 312
409 421
379 446
261 348
2 356
235 301
321 333
258 342
373 450
280 331
217 269
151 263
430 463
196 281
105 307
49 238
401 411
108 223
49 331
125 270
192 302
346 355
53 97
424 485
362 414
376 462
470 489
71 353
336 347
411 488
350 441
266 339
175 280
210 236
369 407
175 331
441 487
432 446
83 156
317 321
480 494
263 323
337 355
258 333
270 356
440 457
309 341
261 301
359 442
360 381
5 191
88 351
372 408
170 269
313 325
405 497
166 294
87 352
237 330
431 475
132 354
183 300
267 339
217 300
212 233
8 301
384 498
66 315
481 495
86 306
370 396
475 498
465 485
114 297
437 498
44 302
394 495
334 346
164 317
125 352
137 159
117 134
79 235
248 259
284 322
316 333
369 431
213 236
408 419
391 426
295 305
257 259
289 294
310 324
261 291
466 497
410 456
470 499
253 336
383 446
57 121
37 80
485 499
377 469
259 347
118 283
152 288
344 354
295 319
129 178
245 255
367 468
398 450
90 190
40 244
141 255
153 268
402 458
216 299
168 285
456 466
402 489
302 315
103 253
141 202
173 179
106 180
138 350
109 264
450 469
156 283
219 260
447 500
121 277
456 499
227 348
94 300
461 488
285 289
259 328
484 494
109 116
319 353
403 461
88 252
236 263
246 338
77 200
433 443
381 407
21 42
279 332
396 482
226 233
158 269
317 335
154 259
303 328
25 242
357 453
365 482
40 63
167 335
248 257
426 463
474 487
431 490
362 388
126 221
118 312
304 310
254 292
486 497
229 266
90 241
237 256
295 342
80 297
388 455
470 491
426 487
300 356
337 351
201 327
331 335
458 477
37 96
419 467
228 307
234 251
343 350
484 493
299 312
458 497
467 485
59 217
8 268
485 494
464 474
126 251
413 492
208 280
131 181
291 322
190 256
277 286
67 100
253 296
371 398
135 327
417 453
382 451
11 155
60 82
391 431
125 334
184 197
208 339
167 282
26 287
229 303
57 198
462 494
427 474
343 353
364 412
400 495
219 307
232 286
378 451
199 300
424 471
110 145
110 171
363 495
72 76
172 223
440 496
92 122
118 258
111 231
251 306
33 124
246 306
467 497
101 333
256 291
287 354
468 479
414 464
404 490
73 78
36 196
364 389
7 201
101 240
1 137
439 498
215 325
74 153
26 173
397 420
452 481
310 316
342 353
374 403
91 199
358 472
78 249
194 283
305 339
458 499
99 344
64 202
274 318
349 455
319 332
300 347
365 399
263 349
206 258
331 353
438 483
140 146
208 323
312 334
421 437
263 338
453 463
350 432
448 479
289 345
445 466
24 274
125 318
4 352
229 324
346 353
36 134
16 294
414 429
319 354
131 136
308 352
355 394
33 143
153 332
96 107
192 240
105 306
456 476
250 338
482 494
191 245
396 484
455 467
160 319
261 326
299 313
432 450
2 344
19 126
8 64
243 295
67 212
267 355
199 294
277 338
198 211
396 452
155 169
42 270
45 70
140 167
305 354
176 332
379 431
321 348
390 453
399 432
471 490
177 265
355 451
334 341
330 344
401 481
245 283
42 111
109 279
450 499
260 328
96 340
81 227
468 487
40 114
121 331
241 346
150 251
66 190
432 474
146 221
362 442
420 461
256 263
408 464
290 327
72 342
39 71
144 199
84 176
287 298
219 341
172 323
48 98
229 279
52 143
109 157
295 296
53 342
265 267
273 346
233 299
414 477
415 475
292 295
455 472
231 330
162 270
11 94
55 129
337 350
337 352
3 287
121 328
348 356
148 349
364 472
330 333
482 500
379 491
42 266
63 81
460 489
304 332
478 489
97 185
281 346
296 341
277 297
283 319
206 350
294 321
16 87
372 404
427 441
75 205
51 165
476 497
447 491
130 251
354 488
202 291
176 298
333 340
229 341
274 356
29 335
361 385
426 491
254 285
79 260
230 308
110 210
324 330
123 318
370 405
298 355
66 290
17 29
417 477
384 495
179 225
124 338
47 290
257 271
430 490
41 189
356 397
288 301
149 244
50 68
302 329
392 429
330 347
236 272
453 462
43 142
374 481
295 298
169 214
191 346
282 332
253 261
314 347
254 256
120 340
217 338
136 332
142 269
415 482
10 335
264 301
443 491
77 95
436 453
370 454
415 490
234 322
128 132
109 253
373 421
75 164
325 350
439 482
470 490
24 147
386 437
35 190
485 496
341 346
116 305
412 435
154 244
124 125
446 498
357 458
206 228
486 498
32 127
264 342
367 459
443 453
194 234
216 301
107 125
5 246
379 395
440 487
26 154
272 307
84 247
116 186
337 346
455 465
234 356
382 450
354 450
204 299
73 319
348 354
310 341
260 298
187 298
434 489
113 195
196 214
11 86
399 414
174 302
350 417
400 490
89 355
390 421
486 499
388 459
350 459
351 459
323 349
233 305
329 337
50 287
313 351
397 426
56 156
209 307
344 346
54 296
185 288
423 495
310 353
398 451
143 235
285 328
47 213
99 233
202 341
185 193
389 458
381 486
270 323
33 341
17 88
28 316
143 179
37 134
421 499
159 270
114 146
270 278
255 273
468 488
454 484
67 286
476 495
70 248
247 321
486 500
93 224
137 307
417 456
446 468
296 354
106 226
179 301
370 469
66 329
397 460
382 476
255 262
479 494
238 332
248 249
9 298
7 302
249 262
27 285
226 320
321 355
19 202
478 496
74 193
356 395
235 280
149 290
242 258
306 346
205 321
210 353
175 205
266 306
270 311
59 119
469 486
65 153
410 461
366 496
473 491
270 335
130 166
431 447
276 278
102 118
456 471
216 238
429 460
403 481
79 154
116 192
317 340
399 468
249 269
84 184
18 216
183 268
226 301
55 137
32 279
64 276
314 338
179 351
461 492
167 195
407 449
415 476
379 437
465 484
363 433
404 431
101 114
281 344
375 417
256 281
340 352
91 240
294 356
359 418
58 224
386 483
102 141
275 280
99 163
165 328
71 302
380 435
65 90
361 497
122 330
4 119
349 435
342 351
117 307
140 313
154 320
147 213
160 207
278 285
428 451
412 469
173 326
420 497
224 303
375 389
250 283
395 474
268 321
301 350
371 476
297 311
298 335
31 83
363 373
200 279
244 252
192 321
86 273
444 474
212 347
215 239
245 339
401 433
198 326
297 337
68 220
205 305
206 214
375 475
38 265
458 487
367 439
62 237
14 205
383 471
483 498
481 494
250 344
42 332
124 279
107 264
214 328
129 316
386 465
455 483
157 188
293 346
140 300
291 353
164 243
98 240
52 162
89 289
129 206
325 331
106 222
69 342
188 277
336 341
117 203
83 181
238 313
236 290
457 494
52 275
262 348
15 37
211 240
110 353
76 117
228 248
178 261
422 468
32 40
154 179
446 478
453 489
165 175
69 209
420 435
474 496
24 179
78 288
459 487
173 337
93 329
11 82
56 296
340 350
194 313
236 346
16 330
414 462
217 347
153 303
351 466
447 494
290 348
342 354
284 334
248 258
449 473
289 324
453 494
212 300
307 310
255 300
195 356
466 482
206 257
75 155
479 489
266 347
239 299
260 285
444 460
450 477
223 308
195 283
198 212
332 336
8 211
202 235
296 351
443 470
63 278
93 109
197 299
19 74
313 343
388 444
32 154
486 495
346 354
249 266
380 419
442 500
228 311
305 319
1 117
422 493
50 57
367 460
338 353
18 58
42 329
440 474
406 434
224 321
53 107
420 449
139 175
393 420
182 202
296 297
142 190
304 330
116 337
227 258
284 344
135 291
152 222
344 348
338 339
445 481
302 313
471 489
391 442
156 351
169 266
345 352
475 492
57 274
346 351
329 347
339 346
391 406
207 296
201 216
272 329
53 164
213 327
174 256
218 248
454 479
312 336
313 344
253 313
79 100
124 126
85 295
416 476
179 233
174 202
263 271
380 500
406 493
118 308
269 305
155 157
141 150
237 306
54 214
347 353
357 393
91 268
383 419
280 321
325 348
355 500
108 114
168 278
221 263
199 306
280 335
162 283
119 164
67 182
22 332
426 444
436 469
104 126
345 355
239 355
411 473
133 299
150 174
376 459
322 356
318 327
483 494
446 491
455 482
272 291
51 269
382 411
94 251
268 275
290 301
278 279
311 312
4 344
62 267
396 490
80 261
444 469
259 343
46 235
306 329
435 459
317 334
77 165
326 346
18 229
351 370
15 221
141 347
83 335
149 274
279 283
294 304
130 190
451 496
132 300
5 51
220 313
281 300
268 280
301 323
323 353
9 97
377 395
28 106
347 355
87 250
228 243
204 283
155 234
322 327
123 295
180 245
231 232
439 448
294 332
112 231
125 202
163 300
385 418
133 208
134 244
232 267
358 383
218 340
340 355
380 399
93 212
3 50
6 210
416 490
240 334
438 499
20 83
306 312
108 179
356 489
148 267
111 309
93 181
284 355
304 327
58 227
305 313
311 355
372 483
408 452
225 247
84 296
205 241
166 266
90 210
123 256
225 293
374 419
409 475
403 425
353 451
189 237
35 164
55 326
331 340
269 282
350 479
150 263
312 335
168 345
309 315
228 273
196 333
230 239
114 157
70 226
150 352
460 499
464 479
231 328
375 429
163 285
190 273
432 499
197 265
262 340
451 463
104 311
68 102
161 214
405 482
421 487
366 389
136 272
105 136
423 462
87 324
304 354
448 473
47 208
317 338
54 272
265 287
33 102
268 324
458 490
79 184
432 463
20 81
170 273
365 424
213 329
350 481
25 125
439 473
215 235
102 304
324 343
391 400
338 346
127 161
100 282
134 288
296 320
3 264
177 275
452 497
181 225
288 303
269 272
100 171
87 343
352 439
328 341
15 142
284 348
257 335
295 313
452 491
458 467
115 144
448 499
147 174
276 306
449 459
360 383
275 352
326 354
443 460
87 354
123 155
255 291
461 487
219 303
17 98
376 498
242 311
111 204
463 490
151 275
460 497
262 339
271 319
52 201
442 488
252 318
187 305
99 342
136 318
316 350
483 500
314 351
106 328
445 471
43 165
433 446
311 315
331 341
162 207
433 474
274 281
59 101
6 38
34 78
228 232
41 323
195 218
294 322
251 316
271 282
151 340
446 489
118 144
271 343
360 418
53 93
437 490
16 29
74 228
100 115
435 456
61 232
353 411
438 466
275 303
424 484
276 285
454 492
310 325
70 129
67 226
261 306
208 332
220 343
202 247
31 282
473 482
133 223
233 282
284 339
28 288
418 492
267 317
187 256
398 472
431 442
192 341
17 109
84 106
101 213
380 448
42 189
193 346
81 213
275 290
98 143
161 223
280 351
480 490
471 491
454 496
341 356
164 217
157 337
189 214
121 154
251 336
375 387
24 343
299 307
129 331
454 471
288 355
80 318
297 321
141 284
45 350
53 181
253 265
415 425
34 112
247 354
43 204
371 460
447 468
418 433
220 326
102 327
217 270
413 476
377 497
110 272
66 260
477 494
436 480
389 466
61 269
5 165
482 497
469 483
428 459
77 133
14 55
115 235
463 494
185 277
35 68
349 408
110 165
108 112
194 321
147 330
82 281
483 497
385 491
21 165
13 181
392 451
156 239
117 329
224 244
356 413
258 324
7 203
272 321
486 496
169 277
98 104
333 343
378 434
219 268
10 272
24 49
6 14
135 272
392 422
60 227
215 333
473 497
11 304
66 268
189 226
183 290
389 497
356 484
290 294
33 347
388 425
247 325
376 404
138 218
58 307
285 313
324 341
10 214
407 492
380 420
217 262
10 41
237 328
159 284
230 254
378 497
364 430
70 86
145 281
203 216
463 493
456 483
20 178
391 446
172 254
286 320
158 338
468 477
436 500
449 491
29 342
200 225
168 206
92 152
329 340
435 488
150 294
471 497
178 206
38 177
377 449
327 332
296 336
227 310
121 299
184 234
201 333
280 342
269 327
84 144
283 318
358 387
142 335
318 331
134 140
286 295
343 349
103 334
37 128
290 345
140 181
399 461
401 464
258 343
43 67
146 326
153 168
384 479
186 347
81 100
229 264
187 254
424 445
472 487
142 147
291 343
478 497
477 486
187 331
80 274
25 175
480 492
349 476
132 327
42 305
444 468
237 347
116 172
441 485
131 323
405 499
26 281
222 260
88 106
70 176
417 496
466 488
307 316
390 485
71 119
283 297
265 269
