500 250
79 329
26 276
92 342
229 479
63 313
18 268
30 280
72 322
168 418
116 366
240 490
203 453
103 353
172 422
117 367
52 302
25 275
38 288
10 260
184 434
108 358
46 296
159 409
61 311
102 352
80 330
228 478
187 437
99 349
155 405
136 386
32 282
149 399
56 306
207 457
248 498
218 468
127 377
131 381
16 266
24 274
176 426
167 417
29 279
66 316
37 287
141 391
211 461
8 258
34 284
244 494
165 415
69 319
221 471
209 459
195 445
201 451
206 456
84 334
109 359
39 289
104 354
150 400
36 286
124 374
35 285
191 441
78 328
219 469
118 368
232 482
87 337
42 292
112 362
216 466
215 465
7 257
238 488
154 404
55 305
64 314
111 361
132 382
15 265
98 348
160 410
93 343
91 341
3 253
113 363
133 383
182 432
44 294
86 336
144 394
115 365
68 318
223 473
53 303
12 262
249 499
178 428
189 439
123 373
138 388
239 489
129 379
49 299
234 484
85 335
19 269
100 350
59 309
164 414
106 356
54 304
222 472
17 267
193 443
157 407
185 435
50 300
82 332
208 458
220 470
179 429
110 360
188 438
224 474
65 315
175 425
246 496
60 310
142 392
13 263
130 380
2 252
146 396
143 393
225 475
140 390
14 264
173 423
28 278
180 430
107 357
40 290
205 455
21 271
88 338
153 403
210 460
166 416
75 325
137 387
145 395
212 462
31 281
186 436
9 259
233 483
174 424
27 277
204 454
114 364
169 419
48 298
245 495
177 427
97 347
235 485
250 500
192 442
6 256
5 255
23 273
95 345
156 406
45 295
74 324
231 481
101 351
200 450
151 401
33 283
171 421
96 346
199 449
226 476
1 251
126 376
247 497
237 487
47 297
242 492
94 344
128 378
70 320
197 447
62 312
81 331
162 412
73 323
161 411
20 270
147 397
152 402
4 254
214 464
120 370
67 317
135 385
213 463
183 433
230 480
122 372
181 431
194 444
198 448
163 413
105 355
121 371
236 486
158 408
243 493
22 272
217 467
148 398
139 389
202 452
227 477
90 340
76 326
125 375
196 446
170 420
51 301
11 261
71 321
41 291
134 384
58 308
57 307
241 491
89 339
190 440
43 293
119 369
77 327
83 333
