500 250
11 261
101 351
247 497
197 447
141 391
205 455
75 325
164 414
22 272
112 362
95 345
70 320
96 346
50 300
241 491
20 270
171 421
59 309
49 299
184 434
104 354
161 411
107 357
17 267
122 372
182 432
224 474
168 418
61 311
149 399
108 358
85 335
204 454
24 274
47 297
89 339
26 276
174 424
124 374
116 366
69 319
162 412
55 305
34 284
21 271
65 315
98 348
87 337
186 436
159 409
215 465
29 279
160 410
119 369
176 426
19 269
3 253
8 258
80 330
1 251
142 392
152 402
206 456
25 275
74 324
109 359
15 265
100 350
41 291
126 376
144 394
18 268
235 485
191 441
146 396
118 368
53 303
173 423
110 360
39 289
38 288
208 458
192 442
125 375
145 395
64 314
14 264
201 451
45 295
117 367
82 332
242 492
187 437
62 312
199 449
210 460
103 353
189 439
138 388
30 280
4 254
218 468
213 463
72 322
243 493
143 393
123 373
48 298
140 390
114 364
244 494
155 405
106 356
132 382
42 292
81 331
131 381
58 308
130 380
232 482
147 397
156 406
223 473
43 293
31 281
250 500
44 294
37 287
195 445
133 383
148 398
115 365
139 389
6 256
165 415
84 334
10 260
237 487
212 462
190 440
111 361
216 466
102 352
200 450
175 425
63 313
57 307
202 452
127 377
46 296
167 417
78 328
28 278
153 403
180 430
13 263
221 471
198 448
2 252
219 469
207 457
67 317
222 472
136 386
33 283
90 340
36 286
56 306
163 413
170 420
88 338
196 446
120 370
194 444
23 273
79 329
233 483
97 347
226 476
60 310
185 435
5 255
135 385
228 478
66 316
157 407
183 433
211 461
238 488
86 336
231 481
179 429
83 333
229 479
150 400
99 349
16 266
246 496
240 490
94 344
77 327
35 285
166 416
234 484
113 363
177 427
239 489
203 453
249 499
214 464
178 428
105 355
73 323
248 498
209 459
40 290
172 422
92 342
27 277
91 341
245 495
52 302
137 387
227 477
236 486
12 262
154 404
230 480
7 257
217 467
129 379
54 304
225 475
121 371
151 401
188 438
51 301
128 378
93 343
158 408
68 318
169 419
134 384
193 443
71 321
181 431
76 326
220 470
32 282
9 259
