500 250
113 363
73 323
104 354
49 299
208 458
67 317
135 385
36 286
164 414
223 473
247 497
165 415
191 441
226 476
94 344
180 430
70 320
206 456
87 337
175 425
221 471
98 348
12 262
205 455
102 352
220 470
2 252
155 405
129 379
203 453
184 434
229 479
250 500
18 268
86 336
109 359
224 474
151 401
42 292
58 308
75 325
232 482
55 305
240 490
202 452
248 498
53 303
233 483
179 429
46 296
136 386
173 423
122 372
161 411
48 298
41 291
144 394
214 464
176 426
96 346
80 330
15 265
77 327
172 422
142 392
107 357
149 399
1 251
143 393
17 267
147 397
231 481
222 472
234 484
178 428
189 439
125 375
24 274
227 477
157 407
19 269
112 362
26 276
88 338
111 361
51 301
118 368
44 294
35 285
60 310
68 318
134 384
228 478
168 418
186 436
91 341
114 364
85 335
188 438
29 279
150 400
69 319
79 329
66 316
201 451
130 380
158 408
160 410
14 264
204 454
21 271
138 388
116 366
169 419
197 447
139 389
145 395
132 382
218 468
126 376
84 334
13 263
54 304
9 259
230 480
61 311
181 431
27 277
22 272
137 387
108 358
33 283
62 312
100 350
25 275
101 351
200 450
219 469
244 494
82 332
146 396
216 466
103 353
99 349
225 475
171 421
187 437
236 486
215 465
117 367
128 378
40 290
241 491
5 255
209 459
237 487
177 427
81 331
245 495
34 284
71 321
249 499
193 443
78 328
4 254
63 313
148 398
6 256
93 343
211 461
105 355
83 333
52 302
121 371
167 417
198 448
47 297
59 309
120 370
238 488
10 260
50 300
192 442
90 340
16 266
11 261
31 281
43 293
207 457
212 462
65 315
76 326
235 485
154 404
32 282
95 345
170 420
162 412
153 403
163 413
140 390
195 445
159 409
119 369
38 288
57 307
194 444
8 258
196 446
64 314
30 280
3 253
106 356
39 289
72 322
246 496
243 493
7 257
141 391
56 306
115 365
110 360
185 435
242 492
217 467
89 339
210 460
239 489
92 342
124 374
199 449
166 416
133 383
131 381
213 463
20 270
45 295
37 287
174 424
156 406
182 432
74 324
97 347
152 402
123 373
28 278
23 273
183 433
127 377
190 440
