500 499
447 448
182 183
241 242
423 424
316 317
134 135
488 489
40 41
246 247
8 9
206 207
95 96
141 142
287 288
310 311
318 319
111 112
424 425
116 117
184 185
186 187
291 292
122 123
235 236
270 271
358 359
67 68
489 490
78 79
227 228
481 482
455 456
225 226
283 284
430 431
57 58
288 289
24 25
250 251
55 56
118 119
437 438
382 383
237 238
63 64
361 362
483 484
480 481
220 221
49 50
60 61
351 352
129 130
53 54
138 139
440 441
302 303
469 470
307 308
234 235
223 224
326 327
434 435
479 480
439 440
137 138
74 75
91 92
209 210
66 67
248 249
45 46
70 71
211 212
333 334
495 496
312 313
442 443
355 356
128 129
47 48
354 355
169 170
3 4
342 343
294 295
108 109
268 269
398 399
44 45
390 391
42 43
174 175
296 297
69 70
120 121
303 304
309 310
378 379
54 55
269 270
192 193
315 316
5 6
243 244
127 128
188 189
130 131
17 18
198 199
433 434
408 409
445 446
26 27
175 176
255 256
409 410
126 127
240 241
290 291
87 88
58 59
168 169
213 214
79 80
228 229
482 483
404 405
112 113
420 421
412 413
195 196
460 461
115 116
472 473
400 401
349 350
155 156
217 218
306 307
218 219
29 30
177 178
48 49
179 180
98 99
345 346
165 166
187 188
204 205
110 111
92 93
224 225
77 78
438 439
52 53
395 396
212 213
247 248
163 164
448 449
357 358
232 233
370 371
84 85
380 381
273 274
411 412
286 287
191 192
238 239
470 471
418 419
252 253
436 437
314 315
474 475
25 26
7 8
410 411
12 13
334 335
103 104
394 395
31 32
124 125
82 83
27 28
272 273
308 309
353 354
162 163
166 167
178 179
305 306
383 384
468 469
106 107
157 158
366 367
330 331
295 296
317 318
11 12
341 342
493 494
23 24
253 254
185 186
158 159
117 118
299 300
140 141
236 237
393 394
131 132
392 393
146 147
43 44
15 16
80 81
376 377
173 174
276 277
335 336
449 450
152 153
75 76
64 65
372 373
344 345
256 257
323 324
145 146
99 100
369 370
492 493
13 14
167 168
259 260
443 444
197 198
281 282
389 390
331 332
114 115
381 382
313 314
413 414
427 428
285 286
221 222
39 40
458 459
293 294
466 467
100 101
249 250
109 110
441 442
461 462
374 375
133 134
262 263
208 209
245 246
6 7
435 436
403 404
379 380
102 103
37 38
499 500
190 191
431 432
348 349
320 321
456 457
347 348
336 337
266 267
494 495
51 52
97 98
202 203
148 149
181 182
38 39
89 90
282 283
343 344
419 420
319 320
453 454
147 148
94 95
478 479
415 416
467 468
385 386
201 202
258 259
183 184
226 227
9 10
475 476
476 477
257 258
487 488
396 397
119 120
289 290
350 351
149 150
339 340
365 366
83 84
428 429
265 266
284 285
10 11
21 22
340 341
161 162
242 243
362 363
491 492
321 322
324 325
170 171
121 122
375 376
216 217
30 31
239 240
90 91
304 305
360 361
203 204
490 491
244 245
22 23
76 77
230 231
278 279
251 252
164 165
384 385
180 181
377 378
61 62
254 255
113 114
450 451
280 281
231 232
260 261
462 463
485 486
432 433
189 190
233 234
65 66
387 388
271 272
193 194
325 326
292 293
399 400
159 160
28 29
88 89
463 464
446 447
36 37
267 268
71 72
496 497
50 51
498 499
68 69
16 17
136 137
46 47
229 230
407 408
59 60
371 372
356 357
484 485
473 474
199 200
72 73
19 20
41 42
363 364
96 97
1 2
263 264
422 423
205 206
107 108
4 5
214 215
459 460
143 144
425 426
101 102
388 389
338 339
477 478
139 140
150 151
311 312
32 33
327 328
444 445
297 298
414 415
151 152
196 197
279 280
451 452
264 265
402 403
277 278
153 154
486 487
160 161
123 124
135 136
497 498
132 133
298 299
34 35
62 63
465 466
471 472
417 418
364 365
426 427
125 126
391 392
329 330
406 407
176 177
359 360
20 21
322 323
301 302
405 406
200 201
215 216
274 275
14 15
416 417
35 36
56 57
18 19
373 374
81 82
219 220
332 333
154 155
171 172
2 3
93 94
401 402
142 143
207 208
144 145
346 347
454 455
210 211
368 369
194 195
73 74
300 301
337 338
386 387
85 86
156 157
261 262
397 398
86 87
367 368
33 34
328 329
457 458
452 453
104 105
421 422
275 276
429 430
105 106
222 223
172 173
352 353
464 465
