500 498
447 449
393 394
333 335
283 284
107 108
87 89
169 170
59 60
467 469
489 490
197 199
51 53
359 361
69 71
381 383
195 196
379 380
443 444
97 99
243 244
29 31
133 135
227 228
427 428
103 105
181 183
463 465
71 72
275 276
191 192
367 368
145 147
173 174
449 451
297 299
227 229
281 283
67 69
407 408
403 404
453 455
273 275
41 42
419 421
231 232
383 385
25 26
235 236
57 59
355 357
221 222
315 317
73 74
349 351
445 447
371 373
291 292
417 418
191 193
363 364
481 482
121 123
311 312
287 288
119 121
475 476
457 458
339 340
33 34
205 207
145 146
293 295
395 397
413 414
345 346
139 141
237 239
309 311
135 137
131 132
455 457
293 294
181 182
477 478
351 353
411 413
341 342
97 98
393 395
319 320
11 12
337 338
471 473
225 227
235 237
303 305
277 278
301 303
421 422
441 442
109 111
267 268
125 127
221 223
289 290
3 4
217 218
47 48
257 259
247 248
491 493
467 468
267 269
407 409
143 144
105 106
153 154
277 279
455 456
155 157
95 96
213 215
223 224
421 423
113 115
27 29
89 90
471 472
259 261
477 479
83 84
367 369
183 185
409 411
69 70
275 277
337 339
487 489
291 293
159 160
187 189
271 272
149 151
289 291
45 47
239 240
389 391
329 330
107 109
409 410
49 50
357 359
391 393
387 389
349 350
167 169
345 347
261 263
161 163
81 82
255 256
479 481
21 22
359 360
149 150
269 270
285 287
473 474
403 405
423 425
377 378
325 326
449 450
163 165
37 38
313 315
305 307
361 362
309 310
481 483
195 197
43 44
433 435
373 375
15 16
415 417
87 88
61 63
375 377
495 497
279 281
381 382
203 205
307 308
465 466
469 471
445 446
243 245
353 354
63 64
175 177
343 345
249 250
223 225
287 289
203 204
405 407
343 344
435 437
121 122
153 155
31 32
127 129
77 78
109 110
271 273
115 117
297 298
439 441
37 39
257 258
33 35
137 138
207 208
13 15
233 234
85 87
319 321
385 387
3 5
169 171
285 286
141 143
171 173
157 158
147 148
17 18
241 243
133 134
53 54
217 219
95 97
91 92
383 384
429 431
207 209
327 329
219 220
91 93
29 30
5 6
9 10
469 470
331 332
401 403
165 167
429 430
371 372
495 496
465 467
57 58
177 179
263 265
283 285
19 21
185 187
231 233
259 260
229 230
47 49
1 3
179 181
341 343
151 152
483 484
23 25
167 168
405 406
7 8
225 226
23 24
139 140
251 253
105 107
265 267
213 214
65 67
461 462
301 302
117 118
251 252
249 251
355 356
295 297
299 301
101 102
493 494
75 77
435 436
329 331
71 73
321 322
111 113
423 424
199 201
1 2
317 319
395 396
123 125
377 379
25 27
443 445
299 300
385 386
17 19
35 37
417 419
253 255
187 188
451 453
101 103
175 176
83 85
201 203
131 133
173 175
137 139
451 452
269 271
453 454
431 432
41 43
171 172
115 116
273 274
313 314
263 264
327 328
321 323
135 136
463 464
347 349
81 83
157 159
119 120
159 161
129 130
27 28
353 355
335 336
51 52
215 217
35 36
413 415
39 41
53 55
43 45
479 480
215 216
65 66
123 124
199 200
357 358
49 51
201 202
437 439
373 374
447 448
315 316
79 80
361 363
163 164
399 400
369 371
493 495
205 206
351 352
197 198
193 195
209 211
431 433
483 485
335 337
461 463
233 235
255 257
79 81
99 100
9 11
189 190
485 486
93 94
161 162
245 247
67 68
141 142
497 498
211 212
497 499
155 156
7 9
125 126
399 401
295 296
11 13
185 186
457 459
209 210
411 412
165 166
397 398
103 104
475 477
241 242
333 334
323 325
375 376
93 95
427 429
365 367
117 119
239 241
485 487
19 20
99 101
441 443
179 180
401 402
31 33
415 416
21 23
61 62
85 86
439 440
459 460
129 131
151 153
459 461
307 309
63 65
189 191
437 438
425 426
339 341
323 324
305 306
325 327
279 280
389 390
317 318
237 238
75 76
113 114
387 388
15 17
391 392
127 128
59 61
5 7
211 213
77 79
143 145
55 56
491 492
13 14
281 282
111 112
229 231
219 221
369 370
489 491
433 434
177 178
419 420
473 475
487 488
183 184
247 249
397 399
331 333
265 266
261 262
425 427
39 40
89 91
73 75
347 348
311 313
363 365
147 149
193 194
303 304
245 246
55 57
45 46
365 366
253 254
379 381
