1000 4516
305 882
105 476
234 269
629 835
31 475
900 909
317 469
601 818
996 998
95 883
867 974
555 715
804 846
781 803
485 851
605 894
8 765
75 601
826 923
789 803
386 717
548 921
525 967
942 963
601 604
700 717
881 927
766 907
603 744
762 941
911 942
973 999
183 780
106 507
474 795
682 980
651 670
857 884
260 684
263 708
749 939
758 981
933 950
728 971
334 420
241 549
213 263
875 963
966 1000
741 784
182 701
526 576
527 834
57 455
527 643
465 759
694 955
897 908
81 801
134 194
349 803
13 319
575 991
871 897
766 842
441 491
929 999
473 909
328 671
981 989
456 605
663 711
400 758
227 252
812 900
440 529
278 465
464 698
560 939
318 848
322 855
221 845
702 848
524 966
819 932
4 627
523 751
804 966
267 451
655 888
219 480
695 961
374 537
957 960
887 912
108 649
939 970
626 639
527 575
415 786
123 135
557 802
960 964
800 976
646 762
593 772
663 986
71 125
872 903
439 512
226 569
60 537
605 836
834 995
802 939
351 667
19 531
419 891
342 815
476 775
740 826
121 639
879 929
737 856
264 328
221 777
500 694
847 930
134 671
325 723
927 960
689 898
975 982
860 873
280 853
302 965
607 911
383 961
666 984
153 929
500 759
937 980
511 901
730 923
166 863
712 736
162 350
423 498
312 559
50 952
517 799
554 712
449 574
155 951
945 996
946 979
55 557
851 995
246 770
116 490
268 949
878 934
759 823
596 672
149 908
291 493
775 893
960 990
573 802
185 754
731 808
476 602
203 527
962 964
480 842
865 943
214 293
349 523
827 855
678 697
561 601
493 644
465 792
347 351
767 937
34 265
589 975
105 227
433 711
445 762
564 655
460 897
87 892
98 546
87 452
606 722
102 559
764 856
949 974
266 507
532 634
75 218
924 965
459 658
686 774
941 943
235 356
518 619
118 542
143 339
580 618
156 382
262 994
526 863
375 691
70 827
606 975
300 439
198 748
544 732
339 591
717 850
106 648
442 566
37 619
418 508
731 767
88 867
548 831
285 832
556 759
85 464
129 134
307 871
249 358
728 832
616 659
576 680
411 414
830 951
219 636
542 909
475 559
165 776
99 311
214 972
115 718
485 917
81 893
691 783
207 963
857 880
901 928
228 253
3 11
585 703
706 839
767 874
245 916
382 724
30 726
932 996
103 175
533 674
75 678
243 621
802 986
785 1000
8 562
409 924
113 762
536 900
358 858
890 971
266 678
729 741
16 717
837 982
63 922
70 481
84 319
544 671
375 437
937 955
437 475
188 721
709 930
213 738
565 653
641 760
502 844
380 712
867 932
266 752
860 939
389 627
354 674
698 918
610 770
289 675
282 992
301 554
911 946
272 980
386 987
18 840
401 833
5 117
951 966
705 843
229 732
24 467
65 268
492 523
182 580
613 943
658 853
942 951
891 908
375 859
129 522
319 666
961 1000
452 520
843 881
316 978
189 925
157 765
650 730
741 745
433 760
786 848
45 869
152 509
63 496
995 999
355 461
333 906
493 614
284 782
10 944
789 954
812 918
443 549
247 386
961 978
55 142
831 897
38 565
920 957
668 941
812 905
528 739
976 982
549 936
941 963
876 932
2 43
739 886
968 991
191 560
509 690
958 968
439 872
626 914
325 754
865 928
344 937
761 832
600 680
596 991
301 362
113 612
170 739
323 815
639 964
55 467
559 732
6 228
12 577
871 944
745 960
433 988
568 814
876 910
295 593
669 700
273 745
896 917
82 574
938 964
934 987
560 991
981 1000
990 996
139 436
391 958
256 374
594 804
464 717
135 819
741 919
924 976
841 941
775 900
350 409
20 283
834 923
38 407
480 642
652 764
256 468
599 750
444 862
755 923
51 513
153 840
404 753
144 971
875 966
438 784
895 944
941 959
136 490
479 526
588 589
672 857
665 778
312 385
828 847
519 557
563 798
25 994
662 968
308 614
89 714
750 992
251 844
175 973
830 932
22 362
99 934
291 991
92 965
769 774
564 657
509 963
984 998
310 324
90 501
438 874
880 987
510 782
655 737
255 749
60 530
355 734
962 992
107 618
297 944
656 894
943 955
947 999
864 868
113 304
538 952
876 948
862 882
708 752
780 841
620 650
437 721
959 965
468 981
776 882
14 633
269 990
105 154
304 505
198 697
845 929
523 840
401 721
43 287
438 448
774 884
411 768
41 764
805 837
43 630
254 958
250 978
610 867
587 709
443 915
110 336
127 614
850 990
571 722
349 815
859 951
644 914
794 819
4 803
24 945
831 954
417 460
666 986
750 811
874 998
981 983
251 936
761 925
698 752
102 184
373 630
906 955
91 98
923 989
717 963
921 994
462 716
626 839
297 566
203 556
222 938
930 981
576 704
936 950
833 961
730 958
711 863
537 749
248 473
759 921
699 800
213 421
66 644
935 947
858 895
922 929
943 947
4 251
662 801
305 320
547 604
42 609
697 769
38 864
633 679
452 821
109 258
514 528
85 335
453 981
453 922
316 362
298 599
674 695
829 935
982 985
686 830
558 616
444 932
736 951
266 719
167 907
326 830
560 706
505 668
252 835
117 537
943 970
510 909
937 947
154 698
717 825
193 396
871 912
474 491
353 506
336 552
196 783
812 923
182 995
886 955
598 773
44 900
166 352
363 963
913 924
818 956
835 957
982 992
688 728
735 805
270 452
105 116
443 574
588 735
468 472
889 962
454 961
640 817
984 1000
188 411
987 998
16 510
975 978
942 956
843 905
715 742
42 414
104 617
312 914
458 658
13 574
29 668
757 978
724 740
383 655
502 540
296 815
418 847
809 932
918 960
324 640
735 974
250 850
5 525
63 859
873 962
365 832
994 996
548 772
703 872
341 787
803 915
293 604
440 612
348 580
642 802
157 435
237 849
791 833
489 803
409 694
757 838
665 712
817 998
691 996
539 568
732 928
375 869
539 611
565 771
816 823
642 931
697 875
537 728
436 955
144 169
418 462
79 487
324 770
447 982
604 949
959 986
244 900
782 810
771 838
455 801
546 623
219 432
221 700
939 961
280 474
129 389
125 149
354 503
719 808
291 402
245 626
25 320
392 733
779 938
509 960
456 874
645 813
206 880
239 740
932 987
353 940
261 549
749 862
301 373
430 478
761 778
643 683
173 332
14 674
675 955
83 539
362 563
194 993
390 475
802 847
203 519
840 908
404 591
373 513
783 887
78 582
891 911
944 956
150 978
108 348
637 834
558 970
188 368
5 437
516 683
321 646
495 915
378 579
867 913
602 946
623 756
979 980
868 887
202 483
769 849
293 786
911 956
111 706
220 769
660 883
288 726
155 751
260 992
294 474
832 952
121 924
417 771
644 817
672 895
31 486
489 955
847 970
895 904
919 984
736 927
537 561
175 800
574 599
435 467
865 974
542 859
566 975
296 991
455 854
657 838
572 923
401 919
283 599
624 875
630 866
675 712
514 626
241 747
522 770
137 436
835 914
212 773
108 745
741 942
970 981
823 869
459 533
403 508
737 805
568 827
634 965
970 996
967 968
169 949
480 517
852 907
31 631
451 565
280 752
810 961
276 849
276 434
225 682
392 544
585 963
776 932
553 933
374 404
416 825
860 948
705 985
876 903
482 735
96 766
759 765
918 919
586 714
326 642
17 500
591 733
264 801
260 425
553 882
420 868
963 982
136 519
159 655
654 998
620 780
515 827
320 955
743 870
131 306
780 927
966 977
665 715
520 534
412 541
928 957
225 838
881 974
95 384
531 596
881 968
647 691
433 470
893 974
894 925
226 289
858 862
83 240
397 739
615 619
75 370
609 654
549 894
183 921
836 965
70 139
26 387
960 981
620 630
911 925
963 999
714 875
502 947
582 771
186 284
669 990
774 857
78 575
554 815
432 939
671 750
203 324
987 991
908 987
530 769
643 902
593 894
171 331
926 980
649 662
677 885
174 623
139 622
248 935
458 671
265 745
772 933
783 904
331 812
140 177
126 157
258 942
614 787
962 976
815 876
734 774
553 846
867 873
903 910
416 892
528 936
6 794
534 682
116 672
870 991
485 914
25 471
879 933
74 620
39 165
266 640
480 591
728 895
85 549
805 890
104 944
174 442
894 967
347 494
406 733
194 770
765 839
392 555
512 930
816 846
386 896
526 994
28 428
25 314
455 463
405 663
424 511
68 74
54 801
699 783
789 839
304 393
251 527
221 721
594 692
933 976
477 627
344 898
271 481
757 887
412 919
501 670
973 977
482 562
527 625
455 537
693 925
225 679
237 894
201 908
378 727
649 875
76 163
632 637
929 997
201 574
380 966
613 938
837 864
835 938
818 970
895 994
987 994
282 320
686 688
493 908
124 274
837 925
977 995
82 150
952 987
334 468
556 648
96 727
865 968
879 955
25 313
237 659
606 612
719 800
388 739
786 907
958 986
270 375
19 879
513 665
433 503
400 891
499 946
514 837
730 884
569 618
594 652
314 603
388 702
769 983
718 804
140 681
943 977
175 672
353 487
716 760
975 977
967 971
101 168
402 407
865 959
758 964
603 972
200 381
364 599
863 963
967 969
886 956
958 962
150 632
388 861
56 825
41 912
239 443
389 826
185 439
568 999
711 796
654 748
299 535
641 736
686 894
25 578
238 979
222 318
453 648
532 570
525 708
164 305
914 954
293 946
637 791
852 947
42 45
420 526
962 967
607 878
357 831
535 908
149 337
104 143
293 897
823 889
212 592
433 912
71 891
72 948
156 888
653 712
953 981
604 925
388 862
5 88
965 968
273 655
594 968
928 950
426 714
758 843
944 948
70 209
939 962
500 900
543 823
359 518
544 874
141 574
709 1000
105 790
766 869
894 927
707 955
216 923
57 219
898 958
972 997
75 907
375 928
257 435
569 840
983 996
99 965
959 969
493 776
403 491
670 687
694 956
29 652
670 788
130 957
314 655
131 505
840 977
168 946
584 740
843 852
221 819
164 279
342 715
357 637
939 942
870 976
201 981
261 637
186 345
897 938
652 844
597 778
516 673
151 499
980 995
303 698
9 408
456 938
774 958
676 921
47 445
668 815
937 991
112 628
41 83
684 970
43 430
430 503
18 414
387 672
385 762
841 919
814 831
428 628
145 500
119 896
672 862
618 791
428 691
286 465
738 986
837 971
619 780
187 769
752 952
903 998
592 738
504 921
698 980
586 873
936 939
76 738
434 959
467 547
980 1000
426 739
896 978
66 395
663 774
830 836
131 500
310 841
206 895
82 606
874 985
525 660
821 869
244 917
938 968
398 952
384 822
460 494
54 726
867 916
112 989
416 498
913 988
159 937
816 923
500 596
969 995
500 584
451 998
531 654
571 807
317 497
87 778
594 792
281 434
150 294
494 999
27 356
475 668
130 769
718 747
752 817
691 796
559 639
78 191
605 749
881 963
811 884
476 551
671 968
615 868
684 929
983 992
265 519
187 354
349 504
546 731
546 606
813 992
384 949
548 824
359 707
118 980
818 864
435 741
101 510
968 980
338 516
768 886
597 624
721 819
407 409
613 991
730 911
203 557
489 933
812 925
104 374
394 639
761 837
248 358
77 364
532 926
533 684
265 836
63 351
206 471
307 829
786 989
592 776
735 900
779 805
828 928
515 739
465 878
100 825
253 689
18 310
705 777
761 884
899 919
254 903
494 790
380 404
941 951
474 620
5 732
965 986
562 977
600 859
905 962
768 826
885 919
378 632
419 958
174 247
402 749
579 777
708 746
985 996
244 601
270 711
558 735
781 934
506 818
494 640
561 704
431 487
386 985
693 780
831 955
7 677
880 916
615 899
624 742
807 910
300 317
76 258
917 974
434 568
163 510
537 625
123 889
855 861
426 971
602 779
43 995
985 995
864 983
68 451
283 367
162 332
397 587
315 922
876 923
350 992
752 838
380 502
623 793
60 724
583 742
133 997
457 485
527 634
168 333
803 937
899 920
593 813
899 974
522 653
335 592
951 961
968 999
479 818
970 999
242 382
683 754
754 972
71 897
171 525
605 954
207 650
951 999
823 920
482 850
771 806
662 879
484 936
179 338
866 977
741 794
280 331
63 849
24 274
805 992
521 852
342 415
327 605
116 460
956 987
983 987
518 966
447 953
518 586
775 805
542 727
50 323
832 853
959 977
889 912
852 886
639 719
809 963
798 993
523 586
392 850
864 999
819 876
250 894
264 423
136 960
691 934
960 986
35 453
442 785
274 360
496 661
690 851
982 983
803 972
465 577
10 155
512 783
717 994
222 543
821 884
134 413
819 977
978 992
796 839
556 949
908 983
555 567
235 794
302 530
37 532
64 930
434 700
559 626
401 655
712 955
636 699
850 914
162 620
927 994
651 754
501 583
918 926
758 906
480 796
271 411
733 831
679 905
111 752
509 541
662 868
333 498
449 527
715 789
507 586
209 709
412 615
767 804
901 981
692 702
410 885
569 852
133 141
583 969
88 510
504 847
447 897
144 167
833 982
749 940
415 979
844 861
52 694
212 455
242 551
861 992
766 973
662 977
650 987
128 560
995 997
961 982
136 436
598 833
789 927
379 944
813 935
750 773
329 803
280 933
441 645
875 923
520 816
6 608
815 943
233 371
431 512
437 608
61 448
314 601
163 790
517 824
268 724
782 819
121 130
477 911
109 287
504 759
165 803
781 903
526 842
512 730
783 815
676 917
543 935
457 701
989 992
346 745
441 840
908 998
116 269
579 917
456 742
858 926
857 928
497 860
437 544
158 675
122 145
483 595
904 980
970 987
641 810
911 928
478 820
307 960
506 601
157 763
804 855
703 764
78 991
525 984
944 996
925 965
15 444
972 973
266 602
38 738
827 900
367 627
560 588
474 487
918 929
450 660
674 755
139 240
937 957
823 936
656 712
526 726
509 806
734 835
639 817
67 82
892 965
294 585
170 827
658 837
568 678
694 737
262 622
588 847
49 52
98 130
307 515
417 571
347 600
517 552
576 768
562 576
628 807
464 754
457 765
85 956
577 740
2 325
724 850
61 751
577 894
140 363
776 934
811 976
448 957
702 726
628 717
185 696
506 580
937 948
392 615
882 993
516 806
815 950
502 753
801 885
492 805
745 926
295 719
241 417
378 459
967 977
679 863
497 873
850 852
503 656
746 753
330 419
525 589
86 426
819 995
826 926
627 768
69 832
345 866
630 655
231 719
493 509
630 947
445 833
955 999
356 658
667 701
802 859
969 999
324 980
945 970
64 352
553 761
71 979
707 722
197 648
883 996
389 596
489 565
925 980
105 730
859 911
157 426
949 993
544 982
586 964
874 904
734 899
597 951
26 231
746 949
371 504
783 994
804 862
897 927
935 985
477 931
239 388
514 875
466 784
967 980
197 710
165 884
656 783
99 806
554 577
741 846
655 751
570 753
556 809
847 877
613 630
217 257
739 767
412 562
613 883
674 867
124 422
233 738
494 844
607 691
244 488
369 788
301 795
189 444
119 575
66 684
218 849
321 327
960 970
514 752
513 763
675 907
205 749
434 551
598 973
324 859
558 906
249 345
610 796
653 962
623 753
499 758
814 873
182 835
810 951
936 968
268 769
972 985
286 928
27 121
676 803
614 805
593 928
367 796
235 584
552 574
720 898
531 854
896 946
154 512
750 969
960 965
167 239
513 796
404 463
786 821
874 876
624 864
857 905
709 978
845 911
69 881
342 984
722 777
211 494
511 561
792 963
821 836
724 922
832 916
983 998
982 986
263 960
523 812
850 991
744 901
13 604
553 908
766 960
44 751
164 898
186 972
561 838
739 756
373 567
172 774
102 856
861 913
317 369
130 946
556 948
707 936
882 950
829 983
95 813
353 904
569 761
171 293
878 987
282 795
50 265
364 855
87 376
654 732
386 511
563 992
183 634
535 695
776 817
293 499
639 804
899 966
71 864
840 960
250 576
882 943
482 979
230 323
530 709
234 355
473 954
723 867
474 933
605 989
901 978
878 966
386 711
2 984
254 503
756 817
199 625
476 907
696 997
105 654
439 983
298 492
710 952
389 821
626 985
786 819
795 974
984 992
735 742
616 687
44 924
66 669
165 871
214 576
909 990
400 559
724 907
159 544
168 557
590 742
53 734
453 868
97 621
424 694
523 820
739 965
127 920
430 582
696 721
773 998
58 130
847 921
518 713
13 892
813 900
182 541
358 426
104 840
331 409
78 799
217 578
831 833
70 602
929 979
74 827
631 747
917 966
303 844
409 729
11 854
598 824
215 292
935 965
367 433
864 985
368 509
449 995
541 928
618 770
829 891
192 503
398 818
367 956
503 829
981 988
552 859
72 629
138 573
562 956
249 892
972 976
453 731
351 549
262 430
644 970
150 548
421 967
94 660
980 983
551 616
974 994
374 598
513 613
712 954
928 947
363 703
958 999
926 976
841 876
822 954
980 997
161 848
672 960
498 819
397 540
331 987
383 824
839 973
181 858
800 898
580 581
785 981
226 412
249 269
537 896
101 493
954 961
29 524
423 598
924 950
935 956
478 983
371 867
895 964
370 939
791 884
798 799
2 810
369 914
400 922
972 984
631 939
612 865
843 918
536 655
561 743
334 720
529 759
646 983
295 957
262 476
124 794
226 559
466 649
327 918
173 623
528 529
831 905
43 923
260 438
50 837
99 799
597 972
926 987
325 915
961 966
296 373
412 646
667 866
851 892
256 639
932 940
316 525
979 997
552 799
969 977
757 895
705 735
434 604
762 763
544 669
82 319
465 899
942 989
611 971
497 755
773 805
449 770
489 560
903 906
838 926
837 927
799 938
942 981
969 971
748 876
462 606
908 961
950 994
886 991
733 996
404 476
665 860
311 707
148 233
781 984
488 955
731 756
810 828
577 663
728 874
563 763
355 739
32 999
339 508
519 764
377 396
328 869
49 799
23 90
49 320
416 543
368 487
714 812
58 569
718 886
562 898
783 841
213 539
479 788
603 953
814 938
21 590
671 806
684 724
12 666
157 348
483 838
699 832
606 709
436 866
373 604
130 870
471 712
566 836
819 980
977 990
483 776
439 677
25 968
981 992
357 862
977 994
810 904
398 739
971 986
903 972
44 636
874 905
849 909
970 974
801 988
169 593
922 994
388 924
872 908
541 796
139 225
880 965
688 759
175 263
170 627
811 947
773 892
442 448
341 348
185 274
83 942
96 593
110 699
573 780
857 863
729 978
198 493
440 759
606 634
143 491
861 907
445 468
381 557
966 987
437 951
349 472
303 336
574 751
933 952
128 453
118 544
499 594
782 995
274 668
212 560
334 694
282 925
28 880
246 581
14 990
588 795
557 611
708 863
453 753
640 816
823 839
843 925
127 189
115 133
757 894
145 756
489 822
68 203
446 552
82 402
166 251
229 614
24 518
543 753
123 146
539 763
971 982
637 699
466 711
10 637
821 964
222 660
880 918
512 583
4 345
855 933
553 809
781 995
515 750
327 373
191 299
761 801
756 937
276 974
128 631
524 832
698 911
2 492
179 915
414 959
363 980
896 982
841 977
449 768
717 737
739 953
602 615
173 185
341 411
119 396
373 448
221 966
568 891
169 710
297 715
294 335
610 992
651 688
926 989
494 659
576 658
476 540
279 395
736 986
431 727
8 484
333 503
441 680
557 623
268 392
17 72
657 702
251 321
606 723
565 899
751 909
363 888
614 782
144 913
657 977
45 632
889 983
344 355
684 967
422 839
979 991
483 788
217 793
587 761
695 968
918 932
566 857
801 1000
791 950
756 783
310 544
661 928
46 763
389 496
507 966
370 842
21 973
615 811
881 889
629 787
276 280
146 543
726 801
291 434
200 555
96 431
98 802
991 998
940 957
206 846
89 285
60 228
140 924
175 401
240 392
921 998
478 499
652 659
884 976
757 865
166 513
644 938
713 1000
967 975
190 361
782 946
818 911
585 632
26 733
17 45
570 900
883 955
20 587
605 893
161 198
250 565
774 791
500 903
939 960
663 730
824 849
677 844
760 872
336 718
321 918
594 976
936 951
488 749
473 810
270 875
551 579
861 987
140 231
644 822
989 991
750 869
866 990
888 921
960 997
602 713
890 987
525 636
603 985
576 956
606 994
167 300
395 622
383 970
365 979
25 391
83 927
711 867
630 926
113 811
22 788
342 667
427 952
966 970
118 836
203 273
395 484
385 600
796 820
97 452
635 936
611 796
548 835
342 452
268 833
239 861
720 927
347 802
732 882
312 479
363 944
127 823
868 942
766 901
522 787
28 346
362 936
963 993
707 756
474 628
40 313
41 813
19 83
171 954
303 980
30 658
782 901
950 957
686 886
445 599
249 446
464 830
343 572
947 954
977 985
296 526
807 868
451 502
903 970
924 970
7 994
210 925
11 804
408 686
182 896
563 640
927 992
319 549
774 962
37 778
465 702
284 798
932 949
927 961
762 994
623 672
172 779
762 903
551 903
4 995
100 591
759 760
108 729
491 941
679 763
179 651
248 456
580 803
400 434
824 901
654 738
630 699
348 589
116 592
575 787
715 773
799 890
29 332
82 848
808 820
393 795
778 786
963 989
320 542
406 855
907 930
895 905
990 1000
428 588
288 934
802 911
699 739
163 846
823 927
206 737
523 589
850 869
596 804
419 678
368 374
543 903
84 740
124 334
285 826
971 989
847 893
159 441
64 244
114 955
413 876
594 809
69 428
304 561
480 558
70 495
366 396
882 995
244 605
57 948
206 841
621 991
804 986
614 672
311 337
70 253
300 686
19 993
162 733
9 179
976 979
685 777
177 346
327 763
441 736
546 783
239 410
492 728
939 945
485 946
709 922
217 282
952 955
826 862
952 985
618 728
744 778
826 985
826 998
388 466
269 991
604 681
844 959
877 984
881 975
494 969
970 988
687 817
803 906
124 990
542 786
306 940
790 875
424 832
496 776
924 933
782 953
61 630
254 401
202 845
551 760
912 988
64 474
445 908
4 570
934 951
637 705
699 870
624 982
898 982
739 986
386 982
799 954
211 788
744 928
67 786
802 989
507 924
751 878
571 955
886 922
959 974
318 999
156 307
291 912
251 415
249 333
603 880
157 181
384 889
796 918
724 806
865 922
95 928
475 564
545 780
834 971
303 715
845 902
167 616
611 893
730 900
539 774
559 790
818 999
896 977
242 490
112 550
773 948
237 261
554 661
844 997
417 609
835 954
644 669
291 344
295 586
788 888
308 962
872 884
595 603
307 643
751 857
863 952
346 681
612 915
952 953
139 663
456 942
582 614
372 817
321 836
962 965
470 566
149 349
562 632
993 998
556 587
729 959
290 797
268 821
2 483
465 722
456 661
877 949
415 479
230 775
595 723
749 983
344 695
964 980
289 504
611 730
72 481
168 990
644 927
927 949
388 833
848 886
832 884
471 696
245 597
945 999
802 968
556 875
22 345
547 774
816 951
817 899
784 913
165 569
335 841
368 908
318 980
472 689
7 960
904 968
120 482
767 994
475 599
499 636
298 601
863 1000
396 539
852 882
301 437
650 989
9 127
225 686
597 697
80 894
876 988
637 735
231 710
24 96
951 982
767 901
294 372
768 840
298 463
880 982
786 905
851 853
942 953
945 981
592 712
804 992
198 379
221 282
877 998
307 778
286 596
368 577
828 974
483 688
587 864
383 712
124 929
859 887
470 960
146 738
778 991
751 903
267 355
779 979
877 963
543 680
519 909
101 525
361 805
789 987
595 692
311 810
447 729
824 969
262 917
654 922
178 591
855 958
528 733
961 972
133 283
69 886
184 761
479 813
948 972
188 387
462 824
134 359
360 601
207 924
43 903
560 912
491 777
904 996
190 739
276 564
188 874
688 978
562 806
774 828
710 945
912 927
373 617
349 553
821 968
581 651
220 653
405 588
216 301
813 875
38 221
64 828
837 911
944 984
94 936
616 932
55 590
151 345
796 819
763 999
462 520
374 605
440 881
833 915
848 923
353 603
616 851
984 987
128 542
665 836
310 497
369 735
358 724
192 761
369 846
71 468
798 996
287 920
215 833
672 814
140 685
524 771
140 565
506 590
28 73
76 216
659 985
12 299
109 490
858 977
204 892
877 926
715 717
423 884
440 859
969 974
934 949
735 827
650 835
417 564
456 923
337 940
855 900
117 407
521 764
899 914
165 384
506 671
231 316
664 941
116 356
701 842
60 641
683 941
187 867
138 316
138 367
225 849
361 382
821 845
233 768
400 795
971 984
582 780
593 910
580 676
383 976
189 801
494 662
762 798
612 798
386 769
584 629
83 893
304 854
935 977
891 998
237 901
875 902
428 679
746 796
99 942
285 842
681 871
412 958
458 472
218 938
119 153
775 884
393 431
130 550
356 492
410 685
197 528
492 900
120 875
863 960
360 499
796 802
33 197
734 888
247 742
932 955
818 975
818 874
187 983
27 723
437 882
17 443
877 886
658 788
935 938
875 949
28 434
433 932
558 741
12 868
879 931
205 634
591 988
171 907
664 705
239 294
653 776
138 425
491 499
555 726
154 721
252 841
928 948
618 721
945 953
372 683
135 979
355 542
929 971
378 827
902 970
353 974
924 944
759 945
849 870
916 922
589 692
845 984
56 874
331 985
477 826
394 917
128 371
601 987
620 909
818 892
554 626
806 841
565 602
727 972
636 978
215 278
8 994
35 887
977 986
473 607
729 863
295 647
706 866
658 727
180 802
908 978
616 753
857 860
134 776
858 909
735 962
335 430
623 876
738 774
639 788
108 499
910 954
468 618
607 822
578 613
816 925
406 746
654 812
715 965
127 761
586 611
730 831
10 28
417 781
82 225
350 711
587 810
951 981
863 884
623 919
759 948
732 977
547 769
362 846
12 461
821 830
249 719
505 853
458 950
298 957
115 121
289 431
800 891
247 283
409 994
343 678
295 718
933 941
739 770
69 98
431 514
305 697
286 320
493 952
345 654
558 583
734 740
26 834
230 629
268 842
428 540
898 952
563 812
941 962
861 920
738 749
958 959
53 467
13 807
965 993
60 198
951 965
368 488
751 831
220 583
740 746
469 832
285 981
893 942
249 509
76 831
186 430
642 948
875 881
558 991
924 949
781 891
82 296
854 932
59 471
557 713
682 710
301 658
610 655
676 994
555 861
952 962
772 907
311 851
425 924
994 999
688 952
570 687
277 465
135 888
19 426
643 923
940 971
21 514
329 493
335 685
446 980
383 940
894 977
136 772
916 929
641 860
657 710
16 193
374 667
458 928
762 965
199 418
931 937
876 908
590 628
533 897
159 493
278 846
265 747
225 614
437 702
217 448
555 754
862 949
404 408
957 977
11 385
307 360
554 927
230 642
471 862
810 863
170 938
98 563
509 983
188 920
239 918
607 937
511 589
796 989
662 914
271 324
419 749
395 623
735 991
564 763
233 692
861 924
541 583
238 928
962 982
416 914
570 927
360 623
546 989
364 931
938 982
89 231
443 779
360 385
70 617
81 180
978 994
904 957
162 209
608 859
734 936
886 916
803 811
665 890
604 716
867 988
18 22
53 872
140 446
957 985
274 528
39 464
939 979
703 777
89 855
76 273
570 590
39 305
632 970
1 861
220 982
969 1000
189 732
769 990
455 905
936 992
415 766
13 384
789 938
14 929
787 882
143 919
712 825
56 979
324 621
47 921
189 569
19 992
335 337
234 238
943 981
380 954
190 858
516 826
725 929
796 957
348 684
568 705
539 901
53 672
596 792
749 899
602 910
278 877
379 534
54 812
47 205
661 982
904 942
772 953
629 1000
950 954
455 730
676 772
603 776
840 989
303 619
512 907
232 966
851 903
64 632
826 872
698 897
646 767
277 318
422 793
544 767
117 839
282 368
775 930
513 839
899 923
601 630
122 728
63 585
971 977
950 976
68 213
543 725
163 765
625 658
586 697
774 788
280 612
744 884
801 854
150 529
782 912
978 984
945 955
417 565
588 992
143 699
888 899
292 429
184 301
619 877
444 722
130 247
792 968
972 998
525 889
58 614
831 866
527 661
101 183
793 916
613 806
933 973
753 759
526 655
908 957
694 969
155 635
963 983
63 665
178 562
197 421
439 607
108 239
874 903
225 344
886 905
400 490
194 537
173 272
84 941
639 750
720 985
904 913
558 879
859 927
756 976
360 516
311 710
44 205
277 502
418 958
990 994
135 401
354 707
207 648
80 886
212 440
742 958
811 995
972 978
751 927
816 912
181 496
466 816
585 959
234 541
412 824
106 290
473 795
908 994
532 924
652 915
630 659
470 507
723 744
608 982
812 846
358 895
307 785
697 863
164 270
589 704
29 118
528 548
536 935
538 693
679 718
889 934
312 950
608 652
639 870
281 617
656 868
587 776
777 878
138 184
1 840
216 552
102 623
846 962
618 753
602 604
118 934
334 357
409 675
756 941
399 939
344 589
559 677
314 946
313 498
266 686
173 663
814 952
10 973
415 893
246 441
531 934
697 913
231 836
805 915
903 982
724 814
296 412
362 716
865 920
474 727
995 998
619 677
126 882
577 889
858 871
602 632
441 541
513 597
158 271
78 973
122 879
161 445
273 852
963 997
528 997
902 991
415 709
742 798
776 878
543 862
826 896
371 939
430 726
757 765
1 973
787 945
218 850
809 954
522 752
722 908
793 811
920 999
506 673
662 961
641 676
756 760
57 148
88 814
218 870
312 978
977 1000
966 974
66 751
509 969
850 974
166 675
241 278
473 932
880 932
77 918
823 924
772 924
630 867
595 831
994 1000
8 19
839 849
694 957
221 319
250 531
840 846
640 655
830 975
497 993
241 244
134 904
845 895
159 961
478 595
442 619
857 985
499 668
881 960
8 616
776 833
207 968
783 951
68 321
596 607
607 953
406 882
10 550
21 54
927 965
284 468
306 692
310 559
583 737
7 100
684 907
230 946
812 945
807 970
146 333
439 809
471 691
797 875
775 843
583 686
756 930
150 418
741 851
709 800
36 746
571 795
364 928
223 398
95 191
147 973
926 948
711 776
680 871
358 891
232 744
489 830
119 731
870 960
402 450
765 826
656 738
320 616
367 884
377 477
794 858
253 361
445 968
300 587
347 872
284 719
840 912
69 400
513 959
261 801
291 482
542 738
829 986
499 921
419 998
585 866
319 922
586 899
951 959
220 856
768 786
145 170
316 445
760 790
736 832
707 769
341 645
151 941
483 987
682 915
325 877
720 722
364 458
244 549
870 880
406 948
225 405
657 707
843 865
443 571
268 868
247 896
354 979
591 663
215 688
813 996
940 974
758 854
473 880
533 964
145 709
428 693
263 286
162 384
155 953
479 794
559 754
199 491
679 807
295 787
430 660
212 691
902 999
775 814
199 389
689 802
760 932
469 865
381 703
436 611
637 783
952 966
578 733
238 426
729 832
424 851
182 990
677 867
260 813
351 610
352 455
134 670
628 881
26 762
35 113
973 974
569 953
923 941
43 83
752 969
344 846
547 851
570 605
223 286
219 312
903 966
477 549
171 1000
108 957
478 573
112 457
76 615
514 989
971 981
649 969
367 513
647 894
135 804
153 268
164 690
463 488
844 859
653 976
847 906
61 713
834 998
547 944
991 995
861 985
897 943
281 514
98 448
527 647
133 748
269 601
592 698
462 554
690 948
712 938
908 918
785 815
522 662
431 928
923 994
755 961
261 367
47 961
12 88
714 864
930 955
745 941
738 910
468 563
350 853
511 899
835 840
317 889
879 884
262 695
358 918
952 981
308 517
77 902
640 939
28 56
800 842
882 903
44 984
444 770
835 851
580 941
851 858
189 976
335 523
309 866
868 945
886 893
973 989
857 994
906 947
37 677
566 818
779 891
505 552
834 913
907 927
766 962
475 591
950 984
898 957
153 205
568 783
363 575
851 873
341 890
652 990
630 897
63 122
439 636
52 187
569 945
231 628
744 997
109 519
247 617
77 760
96 778
133 499
869 955
42 562
160 569
657 738
399 872
773 821
23 57
96 560
203 802
176 649
261 649
740 827
972 994
986 995
396 612
441 519
495 501
480 610
367 737
336 731
414 602
762 926
733 976
192 268
97 435
756 795
813 923
741 933
365 574
761 776
511 616
858 916
347 441
44 583
981 994
318 590
169 586
674 796
536 877
787 965
626 879
456 464
665 988
261 708
620 871
770 977
350 547
597 960
50 885
830 984
410 753
203 592
39 152
528 705
747 809
913 993
496 927
965 996
651 685
120 971
979 996
8 144
611 681
434 842
499 854
847 943
648 999
5 772
510 774
376 537
619 749
64 897
542 723
503 756
624 912
311 561
224 933
661 981
29 464
208 942
597 632
142 278
313 457
814 840
683 852
961 967
54 403
631 731
898 998
106 857
546 984
620 904
568 966
902 929
613 863
907 997
793 950
965 978
853 932
169 381
113 707
970 976
734 759
285 780
282 580
286 598
708 745
717 792
117 310
340 595
363 901
571 926
469 926
684 761
573 895
891 999
985 994
973 986
918 984
369 708
776 897
233 490
498 558
981 982
477 645
405 682
319 589
487 934
260 527
411 518
60 322
453 519
684 791
360 957
512 677
301 639
588 592
718 815
977 982
718 997
154 175
447 883
296 438
791 970
423 524
259 852
864 935
896 905
352 705
825 947
704 985
626 906
489 634
539 780
819 870
237 837
569 937
159 925
677 683
712 832
855 898
939 975
375 887
545 552
298 612
1 96
10 274
305 895
94 606
602 897
495 827
340 956
277 339
926 965
355 518
906 992
943 948
166 204
549 796
201 883
839 971
870 945
841 963
595 960
53 200
439 897
953 995
464 794
344 679
359 866
123 976
896 935
269 644
83 203
206 836
191 958
137 865
592 706
87 460
895 913
555 964
126 221
839 859
294 604
143 148
52 599
752 959
298 381
706 760
19 424
929 969
423 761
332 615
132 411
701 890
146 394
500 632
354 617
500 601
431 959
149 180
799 847
899 985
951 990
375 931
344 930
906 930
990 995
957 969
957 980
104 255
206 387
796 851
834 969
182 409
819 844
980 985
563 824
375 390
736 812
629 977
227 653
638 864
130 863
620 894
265 399
611 900
783 896
898 970
222 358
461 919
176 943
768 814
54 829
127 928
94 148
815 936
553 937
310 311
247 866
655 689
296 884
485 651
629 931
852 990
29 826
311 677
984 986
804 857
409 686
698 846
877 944
417 992
294 830
548 552
958 960
310 657
542 681
57 266
486 503
576 606
641 878
738 844
457 683
566 620
33 339
83 726
911 938
363 429
183 872
302 861
921 962
416 443
605 964
175 850
912 943
81 978
992 996
623 904
846 977
461 746
912 964
933 986
797 853
742 829
119 214
123 538
787 982
277 727
303 710
897 979
309 589
895 923
560 945
388 881
319 543
436 977
279 529
698 936
786 857
553 579
117 412
967 999
464 804
220 999
478 726
865 932
261 580
437 913
898 905
863 977
400 441
664 703
938 977
96 163
486 868
588 609
888 897
916 933
547 744
552 884
898 931
77 211
565 671
888 994
792 882
320 928
178 652
483 577
389 847
217 773
508 576
69 281
424 652
717 928
736 978
270 356
26 452
492 973
894 999
551 741
843 1000
110 543
369 497
759 828
922 938
137 467
750 933
129 291
499 631
275 999
115 860
425 742
976 985
629 706
251 312
526 784
269 406
340 387
647 933
80 612
115 899
313 617
573 986
222 330
175 925
360 593
66 162
679 972
97 953
75 377
751 789
317 659
178 830
709 715
195 214
300 696
735 969
143 485
891 971
27 455
966 973
151 903
169 992
879 883
458 617
807 919
895 983
551 702
121 735
790 880
269 510
980 992
806 843
695 845
778 920
679 828
762 905
833 922
143 421
272 844
873 967
783 987
738 948
704 895
138 786
476 926
990 992
497 750
33 914
798 916
779 965
265 749
663 804
657 981
119 409
349 791
199 345
284 488
425 861
265 722
925 979
650 728
395 685
676 962
449 948
15 481
600 748
324 841
458 700
151 506
769 981
20 693
238 669
778 868
654 875
100 875
760 830
1 350
843 991
91 252
809 991
686 840
671 856
759 772
605 737
161 989
791 915
159 368
342 776
74 477
742 820
110 740
715 895
537 928
44 730
639 700
742 794
359 588
546 954
657 993
377 863
652 737
772 960
991 999
134 352
724 860
369 637
197 731
64 65
922 948
682 949
787 926
933 962
462 529
683 862
593 636
466 722
784 800
878 911
144 331
867 963
313 527
445 472
189 386
404 745
590 972
545 729
470 492
833 892
527 749
942 965
503 951
709 761
976 995
855 910
791 922
73 932
652 805
95 479
712 737
447 851
328 612
243 626
829 944
389 877
297 551
479 557
447 753
185 561
187 785
507 520
360 691
120 830
350 601
888 920
314 479
83 524
726 981
850 946
961 997
669 894
961 991
831 1000
894 992
804 911
942 977
580 759
694 935
185 254
150 718
542 820
535 546
983 997
174 540
6 337
378 395
673 817
17 29
563 825
52 683
940 990
906 912
765 930
244 322
537 659
230 818
324 978
27 979
697 739
684 788
170 969
405 838
46 892
127 655
466 911
72 848
580 967
933 991
663 797
962 986
482 739
656 904
891 894
209 469
81 596
983 993
915 955
10 908
68 179
578 607
424 852
611 905
790 850
120 202
75 495
52 875
438 675
429 492
371 744
261 966
213 616
656 926
511 795
944 995
174 235
15 940
626 817
729 915
364 932
651 771
548 618
682 979
562 627
215 508
361 491
138 992
129 493
239 442
213 983
738 826
490 635
282 668
266 843
852 908
236 257
736 940
501 691
543 591
464 778
531 600
826 976
530 575
280 706
103 278
31 676
746 970
863 959
101 110
988 1000
790 864
622 770
555 856
943 972
814 977
320 326
461 888
234 353
38 530
78 473
285 695
747 882
416 494
213 239
560 827
596 662
359 894
813 947
271 428
919 996
97 493
801 942
488 901
966 988
156 578
458 462
960 989
747 927
371 587
587 837
59 590
745 854
609 913
237 752
711 798
478 910
84 396
351 804
271 328
280 325
740 803
296 886
233 900
746 820
730 950
382 873
958 961
662 905
93 786
761 904
31 744
916 956
766 931
870 997
577 947
115 671
335 565
567 634
855 862
393 487
650 968
616 622
704 977
345 382
313 338
563 877
145 411
260 677
856 960
383 475
559 582
48 970
176 875
26 75
789 864
315 841
736 857
569 917
22 951
791 995
786 965
526 602
522 873
17 573
147 235
544 960
675 944
866 869
61 927
979 989
269 807
170 987
842 990
636 870
950 980
800 901
226 503
50 653
459 621
464 822
578 814
145 254
610 627
149 320
858 975
977 996
591 675
217 449
861 967
517 714
89 616
572 736
13 224
205 811
948 973
423 615
956 976
333 679
302 621
373 784
550 893
410 604
573 700
949 971
591 817
912 998
795 960
314 677
415 615
113 618
167 894
717 814
137 792
697 869
137 894
185 807
105 281
396 746
629 776
540 979
26 736
950 966
50 920
485 842
217 576
116 818
538 712
5 780
440 711
901 997
626 916
152 502
490 890
679 804
325 771
166 284
919 923
101 532
637 784
648 959
559 954
765 855
875 879
689 946
829 991
990 997
959 963
816 977
71 75
244 963
333 649
248 449
314 563
230 691
705 719
433 582
29 68
620 693
703 947
216 932
760 891
551 959
345 561
51 318
419 561
514 814
416 474
198 225
936 959
172 616
535 640
744 779
174 328
98 508
981 990
247 916
451 540
835 988
677 845
87 957
930 960
497 889
478 560
914 915
531 856
789 919
442 908
512 883
807 906
530 618
645 871
28 856
673 966
876 897
256 513
815 840
819 974
197 948
250 950
219 920
497 801
584 742
330 987
315 840
934 936
441 999
19 630
918 943
851 974
331 474
880 985
55 274
310 333
414 669
483 875
813 836
757 811
943 952
161 557
870 930
308 896
801 924
873 911
906 964
927 955
691 923
548 845
991 996
586 997
94 145
277 460
79 845
444 617
935 944
141 613
705 739
663 950
202 251
128 695
915 917
850 983
62 863
597 677
738 999
596 868
989 996
760 941
389 782
820 866
705 789
881 962
183 346
537 800
522 685
730 983
243 482
442 851
744 994
473 727
347 905
308 520
415 511
290 983
800 938
481 667
952 988
659 705
746 847
384 760
106 739
535 783
66 126
703 909
740 977
775 933
106 750
887 891
6 676
835 891
918 990
578 918
902 978
519 563
811 898
982 996
970 980
855 949
282 663
713 911
617 764
685 871
770 998
517 895
373 698
367 472
890 992
91 328
35 834
663 923
426 579
277 821
957 994
879 880
801 972
445 827
904 943
544 565
754 850
85 851
108 998
188 672
686 771
494 795
434 548
637 769
