100 188
28 35
47 48
25 46
40 49
77 94
73 77
84 92
26 36
64 83
70 97
65 100
5 37
88 98
78 82
16 42
54 71
73 91
79 88
93 96
39 43
31 37
44 50
3 25
74 87
73 83
13 26
13 25
49 61
76 94
52 75
62 73
8 18
7 26
25 38
37 47
62 87
76 86
11 21
66 71
17 36
95 98
33 50
20 24
43 47
36 41
53 87
61 69
51 96
88 96
62 75
38 47
29 49
38 42
53 62
58 97
64 68
87 91
4 13
4 44
72 81
65 83
15 46
94 98
60 78
92 98
50 70
46 48
89 97
85 90
82 99
80 85
94 99
74 79
63 87
75 97
1 45
55 72
6 32
96 99
91 96
14 39
95 100
35 43
17 18
52 67
2 10
35 41
1 43
90 97
57 83
10 30
26 39
20 26
7 48
42 43
90 96
32 39
16 34
17 22
15 44
92 100
9 14
52 81
56 94
29 33
39 47
79 97
40 44
33 39
29 32
32 45
50 71
18 43
27 31
23 31
95 99
76 97
61 74
23 28
33 48
45 49
67 74
87 93
83 99
21 36
68 91
96 100
78 96
41 47
25 28
43 50
12 48
31 39
11 24
34 50
13 46
83 93
56 69
11 47
71 93
51 85
38 44
3 33
53 69
77 83
58 70
40 43
79 95
22 35
45 50
67 93
34 41
55 67
84 99
47 50
5 10
85 95
1 6
72 97
59 67
83 98
27 47
72 99
49 60
84 89
56 77
36 50
16 18
49 72
31 49
69 92
48 50
86 94
64 92
58 88
74 93
42 45
78 98
81 98
24 43
65 96
66 90
88 94
19 38
30 34
36 44
34 48
30 42
